3367512
7220002
7633081
11898826
18360730
18483063
19729703
21074713
23345317
26927132
29103491
30356807
31288541
31373144
31417697
33601904
34172002
37665295
41288792
41423634
41634079
41855259
43770167
44423399
47252924
47452705
47784751
49101688
49430111
50876725
54913691
57288992
57797521
59901854
61242280
70545219
73803647
75797737
79273955
82875423
86977145
89502997
94246464
94608876
94941556
101298888
102199835
102359718
102726481
103923260
105514777
109357598
111310065
122395515
124516473
124568098
128340135
132684828
134460193
135239425
138041554
138247890
141495172
142265676
144693302
148141739
149438250
150889187
155693241
156042704
160405165
162841102
167076357
167752848
169302013
170019786
173064962
176176228
176478473
178177239
181224344
182568093
184978035
185448793
186490612
192089240
192535596
194524508
194633663
196765994
197184297
202020017
206131162
206294128
217801850
220576464
223189673
225855592
228354910
230641474
231656586
233075837
233384627
250496152
250821001
251919114
256570651
260801437
263343465
268356193
272170142
275268638
280534453
284790643
288112938
291837515
302186709
304913841
306893048
308373291
308975078
311509992
315957335
317351180
317474228
318015086
318784959
319971218
323998775
326300054
326857088
328213374
331235743
332313468
333415928
333715639
335214460
341898284
345157449
345475759
345536809
347106612
347118190
347196744
347797099
349939550
353237231
355407022
361038004
362306667
362705356
365703423
372669214
373332170
373940716
375239430
381485823
386832750
398077103
402055645
406318818
408298321
409278837
410913215
411284519
411365238
415661050
416868848
417183097
417682028
418392773
421369105
436561374
439148572
439531543
444589742
445191947
448018803
448722707
450512539
452838167
454583517
457181590
461811838
462858993
466256168
468878026
468942713
469278939
472145588
472153883
474472159
475293370
479163970
480668281
481096794
482752628
483745178
488120105
488450859
488851142
494035153
495149078
495403161
495702105
497004448
497719956
498548330
501606945
510820398
511486375
514271240
516517471
516539061
516651461
517954953
519982785
525039372
525597967
526199068
531236390
534362697
537714878
538980470
539105455
539369319
539990814
541087387
541325347
542947539
543646526
545700420
546449670
546947375
547496939
547587552
548064867
548822883
551060848
551093510
555350719
556705591
560207035
565306575
565422545
568430997
576347349
579009614
592366141
594515659
596187632
598840770
600557719
601495455
602591411
605359065
606465577
608059986
608613755
609786987
610396716
610932244
613493417
614163166
615790252
615850884
616129045
616448571
618015327
620486934
620970565
620980582
622103447
625805871
626302676
628464362
629772377
635967542
639211015
639453261
640193574
645903250
652124649
652766439
661452373
661967767
662111042
664038926
664584967
667021075
667263582
674821597
677583559
681932501
682106910
682757056
684352694
685017253
685200263
688827946
690538587
692367365
694188470
694451263
694536400
703706767
703814563
704735782
706741778
707044898
708808032
708857121
710432086
711172968
711333493
712575555
713462160
723035324
724950093
724973493
725857633
728458034
732118343
732456419
732857253
733245802
733390550
734611794
735476767
738815719
738974721
740295407
740959245
740965892
743401159
744889568
744907271
745173089
745241032
749376321
749535431
751006572
751357837
752281394
754062968
755535589
756748007
763547118
763596800
764407194
764422158
764507955
766354056
769546730
772067323
776965349
777557987
780166793
785887421
786270294
789155445
789175969
790150226
791635195
791994129
798371211
803040853
805353526
807647202
807924103
811201880
812848918
812937678
821353324
822337391
823763600
824250596
824548770
825446239
829245514
834215956
845065367
845470186
845790918
850045178
850085108
854061788
855756103
857143719
861190195
867403614
869171939
869799300
871965108
872372806
876361809
879099182
880243260
880909472
886091716
890347436
891153460
896439936
896495001
897286934
899790674
902621039
906864168
907732977
909174775
911447233
911934973
913327244
914585410
917223931
920975796
927364215
928591832
931100449
933941351
934468078
938654418
938929077
942773046
944054153
944462805
945009720
946421183
948590678
949349978
950777715
952617880
952645296
953064246
954176339
961979437
964489215
966024439
969201568
970007144
970116652
973125217
977376267
977740133
979746037
982677940
984964332
988966557
989282880
992284950
994126395
994235131
997003604
998390318
999306538
1000054101
1003099263
1003727246
1003765828
1004529751
1005049795
1008683661
1009912866
1010909449
1011097072
1011620197
1014386022
1014386861
1018825264
1020721450
1022092219
1024488649
1024599767
1032849410
1034207394
1035729054
1036014941
1037586058
1039080098
1039942546
1041939618
1045631721
1047468724
1050273843
1051773581
1053868117
1054582732
1056029969
1056959920
1061574858
1062555477
1066059109
1066088568
1067301435
1067507608
1069123201
1069753786
1070627440
1070843633
1076406494
1077198477
1078720904
1078799012
1081674490
1084263639
1086286139
1088606324
1089095961
1089570537
1093730677
1094684292
1097515843
1098115145
1098851662
1099124697
1100262354
1102266562
1104224281
1104872542
1106237125
1109259218
1109312805
1110496207
1112154693
1114250857
1114658723
1115538322
1120824483
1121084362
1123171916
1123431424
1125350314
1126517316
1127352934
1127943446
1130782134
1131752288
1137077210
1137208159
1138601408
1138654293
1143508754
1145331322
1147693514
1151149488
1151350588
1151363766
1152664455
1160786808
1161200627
1161515688
1163654578
1163986434
1164868718
1170386515
1174187729
1175966885
1176689615
1177853991
1178323349
1180600650
1182814158
1185554171
1188301594
1188530163
1190796696
1191530736
1192400146
1193127429
1193301079
1196368132
1198461772
1198688467
1199257797
1205005469
1205831127
1206327364
1210866021
1211036860
1213413454
1216164822
1217088615
1218969307
1219623025
1223765140
1225039448
1227557904
1229490399
1232029216
1233660848
1236862403
1237949685
1241202956
1241399042
1246214846
1251155174
1252041270
1253802627
1257378179
1259798327
1259923881
1268536931
1278009900
1280904937
1281578627
1283556540
1285772730
1285862510
1289612265
1289657794
1294208901
1298768971
1298953523
1303542172
1304099163
1304372221
1308916271
1309077138
1311225764
1315843794
1316817243
1319239606
1320115493
1320446441
1322048639
1323609056
1324003271
1324113477
1325418852
1326650683
1328354376
1333594989
1334340210
1336339326
1338827267
1341560307
1342091933
1344644233
1344783973
1345844253
1346116185
1347989359
1349858534
1350707626
1351010128
1351095853
1351605943
1354714671
1355602876
1355754897
1363812102
1364115838
1365951321
1366071074
1366852429
1368347910
1368867969
1369460642
1371355738
1374183794
1378873884
1387563881
1388277769
1390701312
1391439329
1395450980
1395532093
1397333641
1397488391
1399823022
1400109039
1408868653
1409770043
1411502990
1412426940
1421194676
1422390450
1426927757
1428015146
1428043666
1428259766
1430603754
1430896309
1431251246
1433259630
1439097171
1440583097
1442184049
1443791445
1448992996
1449937922
1455364774
1457973595
1461752350
1463637769
1464881382
1469982313
1472950459
1475399383
1477652371
1478881607
1483023389
1487657712
1488334325
1491707021
1496949035
1497016191
1497460855
1502284939
1505816075
1508912210
1510207052
1513280978
1516565790
1517301575
1517682744
1521277681
1522014794
1522235886
1522847279
1530912973
1532180821
1532853477
1534668936
1536669692
1537333309
1537959631
1542885043
1548389868
1549044116
1550623072
1553322354
1554189639
1555465934
1556126763
1556862715
1558764877
1560071113
1566968409
1567264024
1568150206
1568188527
1570032883
1571122253
1572012314
1572354417
1573351264
1575457438
1575931959
1576794703
1582294251
1585414137
1590617880
1593355653
1594051825
1595742125
1597645154
1598489233
1601406486
1602933036
1603578766
1606253765
1607705164
1608167657
1609541249
1611793457
1612818134
1618581757
1621256088
1623780660
1625508799
1635157578
1639236316
1640425243
1640495707
1641780504
1643622542
1645357028
1648643043
1649195055
1650102493
1653476266
1664103087
1664489504
1665937017
1669548568
1673932220
1676394546
1682375808
1686715156
1688175088
1688306968
1688389925
1689428148
1690470564
1691608809
1692089694
1692246971
1694096740
1699252973
1699292085
1702459282
1705300609
1707257570
1709018688
1713653600
1714380264
1714745017
1715309971
1715470928
1715667321
1716646843
1718076790
1718607737
1719491506
1723765594
1725813417
1726109800
1731356503
1731929265
1733909346
1736821252
1738381713
1740386866
1741354136
1742713366
1746256965
1747422035
1748976311
1750309609
1751270747
1751930277
1753588737
1754327360
1757663802
1772188063
1772600545
1772656833
1773965084
1773971724
1776550127
1779921091
1785344966
1785547698
1786826318
1786955830
1788266074
1798229424
1799173145
1804376074
1805020018
1805347543
1806195566
1810985055
1813770522
1814094870
1816340238
1817705525
1819605523
1819813282
1820537720
1826059876
1827452742
1831106428
1832616192
1833091454
1834773590
1835324303
1836848336
1841906740
1842244022
1843134801
1846859626
1847704509
1852882054
1853406760
1853608617
1854926480
1857905704
1858303009
1858401437
1858836981
1864335841
1865044186
1867239076
1868350422
1875422645
1877186429
1877528517
1879402684
1884380818
1886454559
1886858278
1889873472
1889882618
1892077561
1894100594
1895357789
1896207471
1897109380
1909820947
1911105832
1916704905
1918056587
1918231294
1921242566
1924061927
1924382418
1924708785
1926373333
1928746050
1930250717
1934050163
1935057166
1936322884
1938794132
1938999099
1940722722
1941965721
1944107624
1946381068
1948431850
1948997244
1949948190
1951967263
1953635050
1956878586
1957164166
1957756102
1958007952
1961366272
1970765927
1972361062
1972697606
1975055117
1979082136
1983244001
1983359724
1985777649
1985803346
1994551909
2002851591
2006625966
2008188676
2009920923
2011289705
2015244109
2015841506
2016449719
2022480069
2038436743
2040997166
2042002755
2042229326
2042693027
2045291239
2045352230
2048972564
2050474105
2051427180
2052890359
2053509906
2057449743
2060924052
2067084349
2071072004
2071627591
2071866218
2072411153
2072787559
2073071334
2073408328
2073629177
2074006877
2074197269
2076968905
2085213597
2085437659
2085769071
2095468146
2096995831
2097445912
2100547834
2102823734
2103672118
2104251668
2105358119
2115130442
2118647891
2122993769
2127381305
2127566244
2133780633
2135534679
2139075378
2140327160
2140490240
2141182190
2145457240
2146850518
