1381741
18201837
25334679
26941916
40039074
73232337
117124242
130523007
154840963
162563175
207217147
240446503
334226115
371408762
377779625
408902390
412589199
422357800
441135499
449971180
471221260
477983662
500563757
506942235
536928350
546968684
609560424
623643940
645845707
653504481
671003982
674459454
710306523
728520226
761549883
771394727
827088248
853459713
897390944
910509026
1075611217
1076798919
1081223674
1083194025
1111363429
1140259456
1143438216
1221281925
1295437261
1296588833
1304779843
1314813903
1315736540
1316441980
1338765808
1351753055
1434379415
1450634037
1499437548
1500646676
1519812414
1531364061
1540149605
1555006495
1569071190
1576717352
1627221361
1659537688
1659673863
1672066457
1673594964
1686157186
1693821548
1703484670
1717203337
1752333658
1778185243
1801858613
1803163111
1819388299
1838773217
1849067956
1856475937
1893275384
1894483665
1894763767
1940361687
1946077467
1959757524
1961050053
1969971721
1970404054
1994924036
2019556198
2063571826
2074545385
2080311265
2080609479
2089239207
2110141265
