100, 2 ,2 ,1.1e-05, 7.77778e-07 , 3.27273e-07 ,1.10505e-06 , 1.03333 , 0.1 , 1.13333 ,1.53846e-07 , 1.4e-07
100, 2 ,2 ,1.1e-05, 8.8189e-07 , 3.56164e-07 ,1.23805e-06 , 1.05512 , 0.136986 , 1.1921 ,2.56944e-07 , 1.45e-07
100, 2 ,2 ,1e-05, 7.4269e-07 , 4.82759e-07 ,1.22545e-06 , 1.08187 , 0.172414 , 1.25429 ,1.84211e-07 , 1.5e-07
100, 2 ,2 ,1.1e-05, 9.4e-07 , 0 ,9.4e-07 , 1.08 , 0 , 1.08 ,2.82407e-07 , 1.6e-07
100, 3 ,3 ,1.4e-05, 9.11111e-07 , 3.63636e-07 ,1.27475e-06 , 1.06667 , 0.0787879 , 1.14545 ,2.03822e-07 , 1.6e-07
100, 3 ,3 ,1.1e-05, 9.64824e-07 , 4.05941e-07 ,1.37076e-06 , 1.0804 , 0.108911 , 1.18931 ,2.07965e-07 , 2.2e-07
100, 3 ,3 ,1.1e-05, 7.3384e-07 , 2.97297e-07 ,1.03114e-06 , 1.07985 , 0.135135 , 1.21498 ,1.6609e-07 , 1.86667e-07
100, 3 ,3 ,1.1e-05, 7.26667e-07 , 0 ,7.26667e-07 , 1.08667 , 0 , 1.08667 ,1.56442e-07 , 1.76667e-07
100, 4 ,4 ,1.1e-05, 6.93989e-07 , 4.37788e-07 ,1.13178e-06 , 1.0765 , 0.0875576 , 1.16406 ,1.75926e-07 , 2.025e-07
100, 4 ,4 ,1.2e-05, 7.87546e-07 , 3.85827e-07 ,1.17337e-06 , 1.07692 , 0.0944882 , 1.17141 ,1.73203e-07 , 1.65e-07
100, 4 ,4 ,1.2e-05, 9.80337e-07 , 4.31818e-07 ,1.41216e-06 , 1.08989 , 0.159091 , 1.24898 ,2.22785e-07 , 2.15e-07
100, 4 ,4 ,1.9e-05, 1.24e-06 , 0 ,1.24e-06 , 1.095 , 0 , 1.095 ,3.21918e-07 , 3.4e-07
1000, 2 ,2 ,0.000209, 1.46748e-06 , 8.53346e-07 ,2.32083e-06 , 1.2124 , 0.487205 , 1.6996 ,2.93839e-07 , 2.855e-07
1000, 2 ,2 ,0.000228, 1.38412e-06 , 8.04754e-07 ,2.18888e-06 , 1.20482 , 0.471986 , 1.67681 ,2.71992e-07 , 2.86e-07
1000, 2 ,2 ,0.000155, 1.44113e-06 , 1.23037e-06 ,2.67149e-06 , 1.20343 , 0.52356 , 1.72699 ,3.17523e-07 , 3.6e-07
1000, 2 ,2 ,0.000224, 9.66e-07 , 0 ,9.66e-07 , 1.1975 , 0 , 1.1975 ,2.26305e-07 , 4.36e-07
1000, 3 ,3 ,0.000124, 8.41827e-07 , 4.85561e-07 ,1.32739e-06 , 1.2131 , 0.46407 , 1.67717 ,1.8859e-07 , 1.78333e-07
1000, 3 ,3 ,9.5e-05, 8.77912e-07 , 5.66745e-07 ,1.44466e-06 , 1.19804 , 0.48829 , 1.68633 ,1.81058e-07 , 1.91333e-07
1000, 3 ,3 ,9.8e-05, 8.54405e-07 , 4.66899e-07 ,1.3213e-06 , 1.20199 , 0.473868 , 1.67586 ,1.76921e-07 , 1.83667e-07
1000, 3 ,3 ,0.000194, 1.09933e-06 , 0 ,1.09933e-06 , 1.197 , 0 , 1.197 ,2.1359e-07 , 2.33667e-07
1000, 4 ,4 ,0.000162, 1.1418e-06 , 6.54858e-07 ,1.79666e-06 , 1.19862 , 0.465081 , 1.6637 ,2.29895e-07 , 2.38e-07
1000, 4 ,4 ,0.000156, 9.81106e-07 , 7.54816e-07 ,1.73592e-06 , 1.20329 , 0.478109 , 1.6814 ,1.99247e-07 , 2.345e-07
1000, 4 ,4 ,9.7e-05, 9.43412e-07 , 5.34177e-07 ,1.47759e-06 , 1.19556 , 0.455696 , 1.65126 ,1.8931e-07 , 1.905e-07
1000, 4 ,4 ,9.4e-05, 8.9675e-07 , 0 ,8.9675e-07 , 1.20075 , 0 , 1.20075 ,1.83011e-07 , 2.01e-07
10000, 2 ,2 ,0.001432, 1.29898e-06 , 1.51955e-06 ,2.81853e-06 , 1.4593 , 0.915698 , 2.375 ,2.05235e-07 , 2.2215e-07
10000, 2 ,2 ,0.00119, 1.27067e-06 , 1.84211e-06 ,3.11277e-06 , 1.46562 , 0.908276 , 2.37389 ,3.9867e-07 , 1.946e-07
10000, 2 ,2 ,0.001726, 1.68572e-06 , 9.74255e-07 ,2.65998e-06 , 1.46617 , 0.898536 , 2.36471 ,1.96071e-07 , 1.9585e-07
10000, 2 ,2 ,0.001171, 1.6362e-06 , 0 ,1.6362e-06 , 1.46815 , 0 , 1.46815 ,2.06961e-07 , 2.076e-07
10000, 3 ,3 ,0.00107, 1.30447e-06 , 9.33905e-07 ,2.23837e-06 , 1.47845 , 0.913661 , 2.39211 ,1.98953e-07 , 6.98733e-07
10000, 3 ,3 ,0.00168, 3.15266e-06 , 1.07935e-06 ,4.23201e-06 , 1.47781 , 0.915099 , 2.39291 ,2.27076e-07 , 6.034e-07
10000, 3 ,3 ,0.001868, 1.47731e-06 , 1.05039e-06 ,2.5277e-06 , 1.47217 , 0.902942 , 2.37512 ,2.353e-07 , 2.272e-07
10000, 3 ,3 ,0.001986, 1.30227e-06 , 0 ,1.30227e-06 , 1.46493 , 0 , 1.46493 ,2.09134e-07 , 2.04833e-07
10000, 4 ,4 ,0.001022, 1.76912e-06 , 1.537e-06 ,3.30612e-06 , 1.4687 , 0.912138 , 2.38084 ,2.12652e-07 , 2.11725e-07
10000, 4 ,4 ,0.001027, 2.50349e-06 , 1.03554e-06 ,3.53903e-06 , 1.46634 , 0.916377 , 2.38272 ,2.25153e-07 , 4.38075e-07
10000, 4 ,4 ,0.00117, 1.64675e-06 , 9.6236e-07 ,2.60911e-06 , 1.46795 , 0.904883 , 2.37283 ,2.15967e-07 , 2.13225e-07
10000, 4 ,4 ,0.001586, 2.45098e-06 , 0 ,2.45098e-06 , 1.46447 , 0 , 1.46447 ,5.41406e-07 , 2.24775e-07
100000, 2 ,2 ,0.04056, 1.34541e-06 , 1.1008e-06 ,2.44621e-06 , 1.49371 , 0.988222 , 2.48194 ,2.26731e-07 , 1.9993e-07
100000, 2 ,2 ,0.023284, 1.98954e-06 , 2.28616e-06 ,4.2757e-06 , 1.49588 , 0.99065 , 2.48653 ,3.69784e-07 , 3.07245e-07
100000, 2 ,2 ,0.029473, 2.41218e-06 , 1.27108e-06 ,3.68327e-06 , 1.49466 , 0.990435 , 2.4851 ,3.10537e-07 , 3.67005e-07
100000, 2 ,2 ,0.020871, 1.38533e-06 , 0 ,1.38533e-06 , 1.49522 , 0 , 1.49522 ,2.03535e-07 , 2.0029e-07
100000, 3 ,3 ,0.02603, 1.52995e-06 , 1.09908e-06 ,2.62903e-06 , 1.51023 , 0.991645 , 2.50188 ,2.08359e-07 , 2.29453e-07
100000, 3 ,3 ,0.022565, 1.85873e-06 , 1.71444e-06 ,3.57316e-06 , 1.50732 , 0.988719 , 2.49604 ,2.70026e-07 , 2.3089e-07
100000, 3 ,3 ,0.027409, 1.43122e-06 , 1.07159e-06 ,2.50281e-06 , 1.50554 , 0.995989 , 2.50153 ,2.02106e-07 , 2.31e-07
100000, 3 ,3 ,0.034125, 2.12501e-06 , 0 ,2.12501e-06 , 1.49613 , 0 , 1.49613 ,2.16661e-07 , 2.7674e-07
100000, 4 ,4 ,0.028122, 2.03182e-06 , 1.5751e-06 ,3.60692e-06 , 1.49539 , 0.991539 , 2.48693 ,2.48547e-07 , 2.93993e-07
100000, 4 ,4 ,0.018532, 2.25916e-06 , 1.5471e-06 ,3.80626e-06 , 1.49721 , 0.991712 , 2.48893 ,3.5918e-07 , 3.14608e-07
100000, 4 ,4 ,0.013832, 1.47729e-06 , 1.08126e-06 ,2.55855e-06 , 1.49608 , 0.994219 , 2.4903 ,2.38245e-07 , 1.99585e-07
100000, 4 ,4 ,0.020788, 1.55888e-06 , 0 ,1.55888e-06 , 1.4965 , 0 , 1.4965 ,2.30446e-07 , 2.21935e-07
