1269491169
1296588833
502709531
853459713
897390944
2089239207
781170030
1221281925
623643940
1075611217
214057849
1568791266
382971950
1674578195
1295437261
1295437261
1540149605
1381741
588045370
1242305528
623643940
1589717511
769711727
1173524411
377779625
802994623
1304779843
1295437261
1672066457
287964903
1693821548
477983662
659093492
1083194025
147584745
162563175
655974681
407385702
148173037
853459713
1838773217
284852569
2086001399
1801858613
412589199
1519812414
1819388299
894011568
1315736540
1576717352
728520226
2019556198
645845707
797545226
1819388299
1580451380
1752333658
2053981701
827088248
154840963
1000609546
1135560854
965077140
226013776
854829799
162563175
240446503
1075611217
471221260
771394727
1075611217
1961050053
2096575983
1075611217
1969971721
1587232139
1539756807
1450634037
346465801
2068260487
674459454
377779625
1140259456
1686157186
1540149605
1801858613
1381741
453853475
377779625
1946077467
2089239207
1374300817
1773577996
1569071190
1083194025
1754911929
1970404054
1298697482
500563757
671003982
259988690
1540149605
154840963
371408762
265999106
386316581
1140259456
1690154727
1959757524
1315736540
1631856703
853459713
1315258171
1627221361
869692321
653504481
902410857
1286860922
1038430701
644544879
285388986
1659673863
422357800
1838773217
733172767
240446503
506942235
1256813
1296588833
2063571826
609560424
1940361687
1555006495
761549883
1140259456
2074545385
548073106
1467616548
212093698
510427791
1519812414
671003982
1500646676
1879963124
1316441980
1946077467
641770821
2009420962
125339378
1939329750
207217147
827088248
1856475937
980965533
441135499
154840963
1673594964
1703484670
471221260
536928350
728520226
1856475937
1569071190
1189227005
1143438216
1450634037
1717203337
1659673863
1649202125
949947424
117124242
869290831
18201837
1304779843
505409323
1030349167
2063571826
1304779843
25334679
377779625
2080609479
1994924036
1304779843
1429449983
2089239207
674459454
1499437548
1381741
674459454
645845707
117124242
1576717352
1351753055
2102569332
88195096
1970404054
1918485713
471221260
533029973
1985220427
546968684
1304779843
1894483665
241525357
761549883
1253997189
665430543
154840963
1959757524
1381741
1358731837
1304779843
1061087566
275832353
2088950795
1373827271
577919498
1472599423
2089239207
1784564091
148573252
910509026
897390944
910509026
1519812414
377779625
1316441980
2019556198
75316085
1221281925
130523007
645845707
1140259456
1829549400
783429292
1569071190
446721837
1474873627
2019556198
2063571826
104979663
1849067956
240446503
1693821548
1999534474
2074545385
1673594964
377779625
806227151
1024140262
1499437548
1752333658
1315736540
162578392
1576717352
1886089915
609560424
506942235
945354715
1659537688
571566094
838073130
117124242
2080609479
130523007
1893275384
1500646676
1338765808
921667182
191521328
1499437548
145296425
1540149605
1540149605
396769837
422357800
827088248
1083194025
25334679
1338765808
1353522065
240446503
1807782452
1449177490
817737368
1304779843
1819388299
323861
25334679
1450634037
73232337
17284861
1999262774
1315736540
1277033028
946404688
1778185243
1673594964
1367336615
1791003196
