1896207471
1879402684
825446239
602591411
677583559
611332441
1972697606
2102823734
1430896309
1259798327
1351605943
331235743
1014386022
704735782
674821597
1218969307
2085437659
1757663802
1130782134
1106237125
1036014941
602591411
541325347
408298321
674821597
2073408328
685200263
2022338514
225855592
18360730
1597645154
304913841
1817705525
245100832
448018803
317351180
1126517316
44423399
685017253
1886858278
1618581757
537714878
1894100594
386832750
667263582
1491707021
635967542
2140490240
1664103087
1741354136
803040853
1895357789
1786826318
1368347910
362306667
1205831127
871965108
755025404
812937678
1608167657
2072411153
1324003271
948590678
712575555
1346116185
1421194676
2002851591
1794819164
1510207052
230641474
616448571
789175969
2141182190
745241032
1721919876
620486934
928591832
1020721450
1408868653
559658512
1970765927
869171939
123122234
796932543
1892077561
685200263
373332170
880909472
1178323349
1820537720
452838167
86977145
2096995831
1431251246
1206327364
1753588737
1259798327
168545783
1502284939
109357598
1810985055
1606253765
1023905575
1705300609
1320115493
464336154
1597645154
998390318
1915479469
1916704905
1283556540
608059986
548822883
1378873884
1751270747
933941351
1399823022
1497016191
1078720904
1502284939
1886454559
724973493
1750309609
2085213597
2015841506
510820398
1132646883
708857121
33601904
906864168
428050023
1167625878
1936322884
979746037
899790674
1985803346
789175969
662111042
1975055117
364049973
1853406760
1066088568
1066088568
1045631721
1308916271
1477652371
317474228
1000054101
272170142
1607705164
109357598
2141713225
2073408328
1232029216
1472950459
1463637769
106456470
41288792
21085810
2131521276
756748007
1160786808
134460193
1930250717
1363812102
944054153
1439097171
1691608809
1217088615
1410065613
1958007952
1979082136
469278939
23345317
1109312805
945009720
49101688
1505816075
738974721
614163166
1740386866
70545219
482752628
1241399042
128340135
984964332
1066059109
2073071334
1303542172
231656586
614163166
233075837
740295407
1813770522
496898065
1154164566
886091716
436561374
616448571
1843134801
439531543
1753588737
1280904937
805353526
1121084362
724973493
488851142
2085213597
2070671098
829245514
2022480069
710432086
917223931
568430997
961979437
1440583097
834215956
703706767
415661050
1161515688
786270294
308373291
1875422645
1785344966
1858836981
1112154693
1692089694
2104251668
436561374
333715639
2016449719
61242280
271676037
1351010128
333715639
1104224281
2104251668
415661050
2093143273
1653476266
966024439
955728614
2085437659
1106237125
616118996
2052890359
279166606
1326650683
615790252
824548770
708808032
776965349
1728316546
461811838
1928746050
547496939
592366141
475293370
1879402684
1597645154
1422390450
704735782
1994551909
1723765594
1847704509
103923260
1140486320
1191530736
417183097
402055645
548064867
2139075378
1161515688
1747422035
906864168
850085108
1894100594
2123514109
436561374
1956878586
102726481
1707257570
361505787
1560071113
711172968
674821597
1259798327
49101688
620980582
497719956
124568098
181224344
1958007952
2044014384
1363812102
1428043666
464106085
1056959920
949349978
1143508754
1725813417
1112154693
1618581757
608059986
256570651
1572012314
891153460
1097515843
468878026
1000054101
1003765828
785887421
1182814158
1567264024
472145588
667021075
1877528517
49101688
645903250
102359718
2071072004
1298953523
1346116185
1178323349
920975796
1650102493
2072787559
411365238
764507955
182568093
149438250
920975796
495403161
135239425
1748976311
1870048210
135239425
45142960
1858401437
192535596
686404577
917223931
1483023389
444589742
1754327360
1650102493
1387563881
1786955830
942773046
539369319
997003604
250821001
1858303009
345475759
988966557
34172002
1948431850
740965892
640193574
2071072004
1253802627
1602933036
934914463
1311225764
1003727246
732857253
613493417
73803647
946973481
1709018688
1161200627
1555465934
311509992
1682375808
1699292085
723035324
2073629177
7633081
579009614
1099124697
280534453
128340135
735476767
70545219
102359718
1757663802
791635195
1836848336
1628859231
2145457240
764507955
30356807
994126395
927364215
1005049795
1740469566
1916704905
1818598417
661967767
744889568
822337391
1753588737
1365178180
620980582
415661050
1591285183
1924061927
1804376074
823763600
1508912210
734611794
812848918
1572012314
206294128
2073071334
510820398
194323268
1096547440
741192034
639453261
18483063
744907271
1625508799
565422545
173064962
347106612
288112938
1607705164
823763600
1682375808
1669548568
1958007952
1750702119
2127381305
2096995831
2072411153
1137208159
605359065
1378873884
256570651
94246464
745173089
664584967
1972478528
798371211
608613755
1555465934
1741354136
1106237125
568430997
417682028
1304372221
57288992
1813770522
1961366272
1951967263
1004529751
807647202
1003727246
134460193
1259923881
625805871
7220002
1120824483
935932031
1054582732
2141182190
1032849410
1241399042
1868350422
551093510
1877186429
308373291
304129402
1104872542
31417697
1754327360
516517471
186490612
1699252973
347106612
1253802627
894563875
1736821252
516651461
353237231
626302676
1571122253
466256168
1715309971
1867239076
415661050
1320115493
398705989
349939550
1590617880
349939550
421369105
626302676
1178323349
1714380264
1003099263
382924320
1946381068
1820537720
1428259766
1537959631
1464881382
610932244
917223931
317351180
2096995831
2072787559
867403614
692367365
1748976311
869171939
594515659
1104224281
539369319
497719956
466256168
1536669692
822337391
869171939
2015244109
1742713366
439531543
1713653600
1694096740
507460424
303301450
950777715
1606253765
1853608617
1089570537
1575931959
620486934
710432086
1309077138
598840770
1645357028
1602933036
1151149488
565422545
89502997
440556036
1718607737
1886454559
1751930277
661452373
1020721450
1548389868
150889187
1241202956
880243260
1715470928
869171939
1164868718
219877588
1772188063
539990814
1062555477
1294208901
682106910
639453261
1225039448
952617880
733347902
411365238
1714380264
1827452742
1692246971
1418332080
1702459282
1328354376
1998501720
1530912973
917223931
711172968
2146850518
734611794
1852882054
1836848336
1772656833
1062555477
1246214846
1285772730
1983244001
1590617880
1713653600
1753588737
992284950
880355604
1004529751
44423399
1347989359
1193127429
711172968
525039372
594515659
1857905704
1350707626
1472950459
886091716
685200263
1911704844
1217088615
448722707
545700420
1139642531
141495172
1776550127
1491707021
2015244109
2016449719
318015086
462858993
1948431850
2115130442
961979437
2071072004
1754327360
537714878
1152664455
1785547698
703706767
1896207471
1896207471
457181590
2011289705
1233660848
724973493
1522235886
1206327364
1328354376
1350697297
228354910
1723765594
2012007320
1003727246
417183097
539990814
763596800
1979082136
789175969
426785412
764507955
326300054
911934973
421369105
2139075378
341898284
54913691
1391439329
1391439329
497004448
30356807
1368867969
576347349
444589742
534362697
684352694
964521459
319971218
29103491
764422158
622103447
2092895308
2139075378
233384627
740965892
613493417
1715309971
998390318
728458034
150889187
880243260
1916704905
135239425
1126517316
182568093
1451531580
1669548568
724973493
225855592
674821597
970007144
859297929
1738381713
1518553541
610396716
306893048
684352694
1192400146
869799300
1422390450
744907271
1395532093
1911105832
863191424
685017253
1897109380
1099124697
2144448715
613493417
664584967
494035153
692367365
1463637769
2099845317
1232029216
1322048639
1433259630
1461752350
2140490240
2015841506
708808032
725857633
1909820947
1257378179
1190796696
662111042
1303542172
997003604
2057449743
2076968905
614163166
751357837
2135534679
723035324
539990814
18360730
333719236
824548770
1537333309
1537959631
1206327364
1003765828
1257378179
762392114
142265676
1098115145
1911105832
1151149488
516539061
1067301435
1123171916
406318818
21074713
500331976
1532180821
302186709
764407194
1884380818
1804376074
785887421
907732977
701762793
920975796
1669548568
790150226
2095468146
961979437
1715309971
26927132
946421183
1387563881
21074713
402055645
880909472
439148572
596187632
576347349
1748976311
735476767
1347989359
1109312805
1682375808
33601904
1935057166
331235743
2104251668
745173089
105514777
21074713
1926373333
713462160
1455364774
713462160
694188470
551093510
2015244109
1041939618
541087387
461811838
899169138
1400109039
250821001
1857905704
162841102
994235131
1924708785
556705591
144184195
763596800
373332170
551419386
1816340238
737417997
1138654293
763547118
160405165
181224344
43770167
1368867969
1714745017
472153883
2100547834
284790643
853608923
1726109800
911447233
764422158
551093510
427229770
1567264024
1182814158
2085437659
1852882054
732118343
444589742
317474228
1257378179
1784325452
1472950459
1831106428
1227557904
304913841
1747422035
1463637769
1715667321
825446239
1957164166
2002851591
2009920923
1924061927
1066059109
1112154693
1686715156
1368347910
141495172
534362697
1037515682
2097445912
534362697
2073071334
2006625966
592366141
708808032
1233660848
786270294
1690470564
1227326688
934998331
2096995831
1707257570
1786955830
142265676
731324307
1916704905
1364115838
191498754
23345317
1022871660
598187721
2085437659
1983359724
909174775
708808032
1115538322
1428015146
1408868653
1972361062
1798229424
1690470564
272170142
1640425243
417682028
1949948190
1268536931
1056959920
1607705164
725857633
1826059876
1835324303
1867239076
1199257797
1645357028
1505816075
1483023389
1198461772
1369460642
830235339
546449670
41423634
192089240
984964332
1188301594
1846859626
362420828
1522014794
555350719
1089095961
160405165
1121084362
1326650683
326857088
1433259630
1548389868
1996706879
2011289705
948687715
373332170
1252041270
606465577
1221514436
756748007
667591773
1822004946
1665937017
1345844253
1478881607
1160786808
1121084362
1896207471
1000054101
1391586322
1174187729
1692246971
977376267
1772188063
880909472
733245802
82875423
1918056587
1070627440
494035153
2074006877
1259976031
1741354136
1431251246
75797737
1889882618
1682375808
1097515843
1368347910
744889568
263343465
472153883
708857121
815106298
1938794132
109357598
43770167
1517301575
733390550
945009720
483745178
1597645154
812848918
2135534679
2028628180
857143719
662111042
317351180
1294208901
545700420
1653476266
1735726646
1958522008
102199835
629772377
598840770
1213413454
1449937922
41288792
1191530736
1618581757
605359065
1575931959
1918231294
640193574
223189673
1537333309
1863543412
1864335841
1123171916
1421194676
1097515843
745173089
1740386866
29103491
1045631721
474472159
1324003271
1285772730
37665295
1244005745
41423634
944462805
1935057166
1799173145
1182814158
417682028
1827452742
268356193
1944107624
1478881607
628464362
711333493
997003604
766354056
548822883
1725813417
1024599767
1014386022
1066088568
934468078
551060848
1440583097
233075837
1788266074
1936322884
1199257797
1056029969
347118190
1585414137
202020017
1741354136
927364215
672922583
1344783973
610942513
23345317
1599378651
2071627591
1558764877
740295407
1560071113
37665295
1817705525
1378873884
1804376074
365703423
1895357789
1430603754
233075837
1156999303
1750309609
57288992
525039372
825446239
548064867
1754327360
1039080098
311509992
711172968
330396461
1956878586
1817705525
1151363766
725857633
196765994
102726481
5528705
2095468146
1024488649
639453261
1572012314
732456419
318784959
694977955
776965349
1384675767
1773965084
1341826264
850045178
953064246
897286934
353237231
2076968905
417682028
780166793
713462160
1336339326
347106612
1047468724
1875422645
682106910
798371211
546449670
1877528517
54913691
1497016191
1853608617
1163654578
2002851591
225855592
1062555477
1786955830
102359718
732857253
1246214846
615850884
26927132
50876725
1688389925
2104251668
861190195
1709337845
1368347910
1325418852
2048972564
685200263
1472950459
772067323
1725813417
906864168
256570651
1216164822
410913215
1497460855
1928746050
1433027092
44423399
50876725
1725813417
1062555477
764407194
2073071334
318015086
1532180821
1938794132
1841906740
495403161
1426927757
1217088615
1218969307
2042229326
1560071113
1466259497
661967767
1395450980
1130782134
347118190
2071866218
664038926
907732977
1177853991
1010909449
630151956
1011796392
1688175088
546947375
1078799012
834215956
1011097072
160405165
526199068
2097445912
1077198477
1141867905
461811838
854061788
1024488649
1542885043
911447233
744907271
2057449743
167076357
1676394546
511486375
1112154693
49616532
280534453
1076406494
1126517316
890347436
639453261
1252041270
443024738
747551260
542947539
1431251246
402055645
1163986434
2085769071
174272716
1590617880
402055645
1558764877
1731929265
1294208901
1236862403
899790674
517954953
724950093
1089570537
230641474
1857905704
1178323349
1363812102
2123885176
1069123201
1826059876
418392773
1985777649
2015841506
1682375808
1549044116
602591411
952645296
946421183
1916704905
1653476266
50876725
811201880
1003099263
2074197269
8816930
268356193
1368347910
1350707626
1077399085
34172002
57797521
1190796696
886091716
1005049795
7220002
182568093
824548770
1566968409
1227557904
193628089
1213413454
723035324
1322048639
176478473
445191947
488120105
138041554
745241032
1573351264
1868350422
1431251246
1889882618
2042229326
1188530163
287913466
1664103087
1428043666
966024439
1056959920
192535596
694536400
854061788
639453261
1601406486
2048972564
914585410
184418674
1253802627
613493417
1779921091
876361809
404698094
681932501
1948997244
744889568
1170386515
1885481324
645903250
1003727246
1253802627
1283556540
759150699
1320446441
608613755
1127352934
1572012314
181576897
763596800
1558764877
622407566
480668281
444589742
952617880
1368867969
2127566244
945532870
220576464
33601904
1554189639
1772656833
1491707021
1858303009
149438250
184978035
317351180
1062555477
1011620197
1304372221
1772656833
1549044116
1390701312
1956878586
789175969
1400109039
1225039448
1833091454
1347989359
1351095853
945009720
1218969307
1251155174
1355602876
1582294251
1723765594
1054582732
555350719
645903250
872372806
1175966885
1428015146
1535392867
1020721450
1617775164
1433259630
1957206857
1069753786
694451263
1590617880
1884380818
891153460
2133780633
1852026685
516651461
1537959631
622103447
1833091454
1070627440
745173089
1864335841
2139075378
11129735
1894100594
1983244001
1930250717
1034207394
803040853
1748976311
1138601408
1568188527
1676394546
228354910
2071072004
1983244001
1832616192
970007144
652124649
2073408328
49101688
89502997
2057449743
231833412
410913215
869799300
1464881382
1054582732
1112154693
483745178
1609541249
1199257797
1938999099
1397488391
438845033
1953635050
749376321
33601904
1895357789
1475399383
233075837
1949948190
1692246971
1434931598
1412426940
2096995831
1688175088
997003604
1341560307
1857905704
1366852429
11898826
1936322884
1723765594
328213374
1877186429
613493417
2085769071
1664489504
306893048
914585410
1911105832
525039372
954176339
1217576320
1039942546
1576794703
1428452082
876361809
1344644233
891153460
1408868653
1513280978
938929077
1897109380
1804796793
1143508754
497004448
1137208159
1066059109
1748976311
176478473
1694096740
488851142
525039372
1163986434
873938239
911934973
1694096740
176641159
1374183794
1692089694
1650102493
1805020018
1750309609
525039372
361038004
1676394546
1938794132
1324113477
1374183794
1653476266
1198688467
1024488649
1089095961
1534668936
2097445912
1497016191
33601904
54913691
682106910
1084263639
1328354376
3367512
1785344966
662111042
1354714671
711172968
1349858534
1387563881
572278760
1218969307
1078720904
931697168
946421183
233075837
1895357789
2085769071
2042229326
47252924
2140490240
596187632
1513280978
103923260
662111042
1180600650
1124269329
205878815
1590617880
197184297
626302676
1426927757
1521277681
1496949035
823763600
182568093
1894100594
1439097171
1217088615
115032462
318015086
1408868653
845065367
551060848
1035729054
1388277769
260801437
1786955830
526199068
1639236316
1368347910
1104224281
744907271
1719491506
1370637777
1191530736
661452373
170019786
1236862403
167076357
681932501
2060924052
541087387
1218969307
1193301079
1640495707
982270846
752281394
1315843794
1003765828
942773046
461811838
780166793
1308916271
1911105832
1219623025
527948819
1236862403
1713653600
1595742125
519982785
1368347910
1089095961
332183923
160405165
1884380818
652766439
1400109039
876361809
754062968
1138654293
1011097072
692367365
1024488649
156042704
1192400146
1093730677
1614743500
1702459282
738974721
94608876
913327244
1326650683
4041316
711333493
1098966437
472153883
1054582732
1098851662
149438250
1924061927
1853406760
2073408328
708857121
812937678
54913691
738815719
1114658723
1395450980
86977145
1497460855
1957164166
1510207052
812848918
682106910
1054582732
355407022
253788973
308975078
43770167
1193301079
326857088
1953635050
306893048
79273955
150889187
1568188527
411284519
685200263
2085769071
498548330
1608167657
1227557904
839031890
1342091933
735476767
1218969307
1556862715
2037462437
565306575
610396716
1779921091
1463637769
559572996
167076357
319971218
780166793
1609541249
2051427180
1594051825
1162273165
194524508
811201880
576347349
47784751
361038004
102359718
1783210379
250821001
1182814158
1606253765
1688389925
682757056
468942713
954176339
1014386861
155693241
1779921091
711333493
1010909449
1625508799
2079953211
1813181524
949349978
341898284
706741778
2040500188
2008188676
1268536931
850045178
688827946
1951967263
488120105
1047468724
823763600
944462805
1827452742
482752628
1726109800
181224344
1607705164
600557719
185448793
124568098
54120916
128340135
2105358119
766354056
1568150206
789155445
1972697606
970007144
1196368132
1553322354
1941965721
43770167
2095468146
1289657794
495403161
362306667
333715639
845790918
938929077
1941965721
1889873472
1229490399
952617880
694188470
1188301594
1086286139
880909472
786270294
1816340238
1285772730
128340135
1773965084
1843134801
628464362
1826059876
1550623072
1813770522
1594051825
1110496207
1211036860
1036014941
1225039448
488120105
1530912973
362705356
861190195
970007144
1251155174
782033821
1718076790
1050273843
639211015
1120137669
1333594989
1182814158
373332170
1742713366
551060848
723035324
362705356
1193127429
694536400
1070627440
807924103
57288992
250821001
102359718
704735782
1985777649
1426927757
928591832
539369319
1280904937
155693241
938929077
749376321
362705356
311509992
1182814158
1568150206
1621256088
315957335
538980470
402055645
733390550
1785547698
41855259
1469982313
341898284
457181590
1344783973
103923260
421369105
1237949685
539105455
1890950066
335214460
1086286139
685200263
304913841
551295178
1035729054
372669214
1233660848
49430111
764407194
1003099263
341898284
89502997
1924708785
740965892
1037586058
223189673
154938738
1326650683
1259798327
1488334325
61242280
1062555477
102359718
1786955830
704735782
1505816075
233075837
223205351
620486934
1278009900
635967542
954176339
250496152
1728078332
1754327360
233384627
1513280978
1078799012
55743331
1024488649
749535431
694536400
134460193
785887421
1736821252
988966557
1002985177
47252924
1411502990
1776550127
1895357789
1649195055
667263582
1177853991
1151149488
2135534679
1530912973
2060924052
1835324303
212941908
2042693027
111391537
196363087
233075837
1257378179
1315843794
1008683661
402055645
1163654578
1040469652
1719491506
50876725
2127566244
79273955
50876725
615850884
576347349
2016449719
534362697
1368867969
618015327
1316817243
498548330
537714878
1180600650
744907271
710432086
501606945
1114250857
1229490399
1225039448
725857633
890347436
711333493
240133597
820593093
708808032
206131162
1483023389
1707257570
1360802322
620970565
1210866021
1918056587
102199835
1115538322
318784959
681932501
1050273843
1567264024
31373144
1005049795
1582294251
1121084362
86977145
514271240
1047468724
608613755
2072411153
1039080098
1104872542
1098851662
44423399
1709018688
468942713
1127352934
1603578766
731809527
1257378179
308199187
1351605943
94608876
233384627
999306538
2097445912
703814563
1345844253
1625508799
21074713
472145588
1199257797
1032849410
1050273843
1125350314
1065219220
381485823
1174187729
168451952
1188530163
897286934
1226143150
1585414137
398077103
1773965084
23345317
1170386515
146183581
1806195566
1342091933
1003727246
1938794132
907732977
2141182190
973125217
233384627
1918056587
2073629177
938929077
791635195
149438250
50007250
1741354136
2065760591
1640495707
934468078
539990814
829245514
1374183794
135239425
541087387
539990814
1123171916
1066059109
539369319
1833091454
233726918
1487657712
1344644233
483745178
2127381305
23345317
560207035
1970765927
1298768971
1582294251
1461752350
1472950459
628464362
1886454559
1635157578
1366852429
1852882054
256570651
135239425
1320115493
1537959631
682106910
94608876
1395450980
1757663802
1241202956
1229490399
626302676
661967767
1316817243
345536809
173064962
1773971724
1668305335
1786826318
1004529751
661452373
620980582
495702105
779277137
1131752288
260801437
903906768
1921242566
345536809
2042693027
1686715156
1428043666
609786987
1170456539
2139075378
318015086
620980582
1584343343
21074713
31417697
462858993
1336339326
1892077561
1395450980
776965349
33601904
128340135
1081674490
1109312805
1430896309
1252041270
1807735793
1709018688
746394256
497004448
953064246
1054582732
938654418
319971218
953064246
1137208159
1190978796
677583559
1350707626
1930250717
516651461
176478473
103923260
1757663802
409278837
734611794
1102266562
1888649515
1705300609
2146850518
1138654293
1916704905
1568188527
934468078
436561374
1854926480
914585410
1351605943
2042002755
1733909346
402055645
952645296
1476453647
362306667
2076968905
2092918086
1846859626
1368867969
2062335952
1785344966
1958007952
789155445
192535596
1448681130
850045178
1078799012
977740133
1537959631
743401159
134460193
94608876
786270294
1957164166
21074713
1409243219
1487657712
1798229424
332313468
1508912210
596187632
1345844253
2139075378
1219623025
1334340210
1801996027
1411502990
934468078
18360730
548064867
89502997
977376267
914239244
1704989739
1426927757
1691608809
1067507608
1283556540
1725813417
319971218
33601904
1773965084
1177853991
457181590
1061574858
1177853991
1785547698
539990814
66565074
1428015146
807647202
1024488649
1397488391
977740133
170019786
194524508
1779921091
1858836981
1328354376
182568093
753103017
2067084349
1241202956
1344783973
1395532093
404583162
223189673
1193127429
2034458050
1714745017
625805871
744889568
272170142
1788266074
1252041270
462858993
1594051825
317474228
978678390
1682375808
545700420
909174775
952617880
347196744
335214460
1252041270
1946381068
568430997
861190195
735476767
2097445912
1143508754
1896207471
50876725
620970565
2060924052
1753588737
176478473
1237949685
1100262354
639211015
953064246
1924061927
1196368132
2045291239
791994129
1747422035
789155445
1121084362
1192400146
989282880
217801850
1550623072
1772656833
47784751
1536669692
1772600545
79273955
938654418
1834773590
803040853
790150226
1799173145
1213413454
688827946
1281578627
70545219
1100262354
1909820947
616129045
1934050163
403968309
969201568
1259923881
546449670
1832616192
1032849410
1067301435
1938999099
82875423
1832616192
984964332
1066059109
581771497
630128578
531236390
2045291239
703706767
1177853991
1426927757
1930250717
302186709
1251155174
1916704905
1003727246
1423861718
1575931959
516651461
1491707021
306893048
54913691
1875422645
1808152577
1499742739
977740133
450512539
1205831127
1502284939
629772377
1952321756
1463637769
1180600650
418392773
1661586381
317474228
1227557904
192535596
1081674490
122395515
335214460
1820537720
176478473
845470186
1817847701
541325347
1852882054
1039080098
629772377
1972361062
1607705164
614163166
1536669692
1702459282
711333493
1428015146
296736813
911447233
2006625966
896439936
173064962
2097445912
1014386861
162287606
1351095853
1346405796
1344644233
315957335
1437603362
1347989359
2097445912
2011289705
1435271349
2045291239
609786987
326300054
1448992996
1805020018
143772453
61242280
1820537720
1126517316
233384627
516517471
353237231
1039080098
684352694
555350719
31288541
533749338
724950093
1304099163
169302013
1338827267
1216164822
186490612
1715309971
30356807
47252924
618015327
609786987
984964332
1370199990
950777715
1847724072
173064962
452838167
1351010128
556705591
1036014941
1688175088
1819605523
1611865909
1918231294
3312566
1008683661
1389305613
516539061
436561374
1461752350
436561374
341898284
539369319
769546730
1886454559
30356807
1223765140
1745380344
1089570537
436561374
1921242566
1009912866
1875422645
26927132
1120824483
1827452742
984964332
450512539
381485823
791994129
1421194676
732118343
47452705
1886858278
231656586
1875422645
149438250
268356193
2076968905
1740386866
1180600650
1109259218
1983359724
1643622542
217801850
1130782134
417682028
1972697606
1138654293
1109312805
565306575
89502997
756748007
365703423
373940716
907732977
2072787559
1649195055
373940716
1440583097
616129045
373940716
616448571
260859716
1842244022
1213413454
167752848
735476767
47784751
1237248169
1070627440
1011620197
605359065
606465577
1344644233
1522847279
2015841506
194633663
2067624475
539105455
1733909346
1142329735
1772188063
1440583097
2043750383
966024439
1924061927
488851142
791635195
1833091454
421369105
333415928
1682375808
362306667
2122993769
347106612
896495001
725673742
511486375
2085769071
381485823
1037677669
1248035571
984964332
1537333309
516651461
1227557904
176478473
1858303009
828030845
945009720
256570651
788113850
652124649
1553322354
547496939
812937678
94941556
1053868117
1903528519
2073071334
909174775
1303542172
724973493
160405165
674821597
682757056
417183097
772067323
411365238
1496949035
1979082136
2085437659
411284519
250821001
1304099163
1858401437
1894100594
167752848
1403019205
546947375
1609541249
1094684292
141495172
22494569
2042229326
19729703
2104251668
268218408
47784751
372669214
1253802627
319971218
1570032883
233075837
854061788
122395515
897286934
1061574858
1897109380
483745178
1799173145
1109259218
712575555
1051773581
1595742125
1177853991
1363812102
1957756102
1428259766
1648643043
1938999099
481096794
594515659
708857121
664038926
1188530163
1024599767
1180600650
1322048639
843618787
1555465934
666536428
1223765140
652766439
2016449719
1554189639
519982785
192089240
772067323
1483023389
1182814158
740959245
1762348162
18360730
1594365132
167076357
1350707626
539105455
1938794132
1229490399
1422427247
994235131
1475399383
1363812102
694451263
2146850518
341898284
1951958067
1433259630
41634079
2133780633
1575931959
1632833587
1653476266
1532180821
1832616192
850085108
1941965721
463601515
1390701312
639453261
939870336
482752628
1785547698
1104224281
931100449
2133780633
911447233
1832616192
1014386861
906864168
2102823734
952617880
1138654293
998390318
1593355653
551060848
321441949
1069064661
1344573772
1185554171
1613443917
451955938
551060848
472153883
1607705164
998390318
886091716
1014738245
664038926
1428259766
745241032
1121084362
1502846407
1005049795
415661050
1054582732
25225009
684352694
41855259
448018803
1843134801
1443791445
1257378179
1502284939
517954953
1805347543
1779921091
1285862510
620970565
1694096740
1669548568
1198688467
178029614
1806195566
1449937922
710432086
1178323349
2045291239
786270294
1742713366
1178323349
435260431
317474228
1786826318
811201880
462858993
791635195
1147192049
674963308
1138601408
539990814
1813770522
155693241
1227557904
75797737
1069753786
19729703
498548330
1217088615
2069998776
1640495707
1428259766
1123431424
1325418852
82875423
1640495707
749802308
1223765140
961979437
421369105
685200263
150889187
2042229326
1024599767
935265707
418392773
552950350
1567264024
268356193
1886454559
1804376074
1604468920
41423634
59213981
1537333309
1877186429
448018803
977376267
845065367
1665937017
488120105
170019786
483745178
2060924052
417183097
206294128
824548770
1640425243
742588074
1943639660
4663988
1746256965
408298321
1086286139
516539061
448600432
1040707927
1259923881
1440583097
1127943446
664038926
288112938
1395450980
1747422035
1606253765
606465577
661967767
565422545
1011097072
347196744
1350707626
1877528517
1190796696
1138601408
1817705525
1637912873
994590203
1067301435
328213374
616448571
1806700348
353237231
811201880
661967767
643747992
1342091933
1472950459
751357837
1785547698
1089570537
511486375
2048972564
682757056
1858836981
1918056587
173064962
514271240
1517682744
1810985055
191891590
1325418852
906864168
2052890359
708857121
233384627
156042704
1077198477
176176228
1590617880
160405165
450512539
2042229326
1725813417
1832616192
785887421
1650102493
752281394
466256168
1935057166
743401159
31417697
639211015
1796578418
2136231732
1160786808
531236390
2072411153
1609541249
1718076790
478482573
1612818134
869799300
1176689615
2102823734
948590678
1322048639
2076968905
1005049795
551060848
989282880
1426927757
1570032883
167752848
102359718
1285772730
176176228
1972697606
596187632
576347349
250821001
516517471
1078720904
1344783973
740959245
1553859119
1191530736
365703423
525039372
1259923881
733245802
41855259
845065367
1024488649
539990814
1735859208
1682375808
1729100900
1213413454
751357837
464447970
1199257797
994235131
355177686
690538587
1397333641
306893048
1688306968
373836246
2139075378
869171939
1206327364
1435046496
2015244109
1725813417
1773971724
495702105
1527045937
690538587
2045291239
1502284939
1070627440
282609153
857143719
789175969
899790674
1718607737
86977145
111310065
1147693514
2085437659
1858303009
961979437
436561374
1163986434
786270294
371549287
1346116185
1151363766
938929077
1532853477
1572354417
184978035
766354056
1940722722
1542885043
811201880
1032849410
866314695
168372677
1472950459
1455364774
1076406494
1320446441
976197588
347797099
855544879
1772656833
1176689615
791635195
1772188063
365703423
1892077561
1843134801
740965892
31373144
1223765140
780166793
948590678
2138548550
1098115145
732456419
734611794
906864168
2139075378
1039942546
1388277769
1112154693
1397333641
1163654578
284790643
1918231294
1892077561
869171939
1355602876
1676416015
1461752350
250496152
1817705525
167752848
913327244
1595742125
922003382
1522847279
138247890
1719491506
1439097171
384516695
73803647
1948431850
639453261
2084642428
1069123201
1227557904
250821001
1934050163
1285862510
186490612
620970565
1985777649
1472950459
871965108
1985803346
233075837
2139075378
488450859
861190195
1174187729
946421183
1804376074
1594051825
1748976311
1686715156
547496939
41423634
1694096740
1190796696
1909820947
754062968
138247890
315957335
2058528598
1612818134
1355754897
194633663
1612818134
1628640030
954176339
619193989
1948431850
2042858840
333415928
317351180
220576464
1772656833
495149078
1682375808
811201880
811201880
920975796
1449937922
627077273
1918231294
1802425319
1364115838
263343465
620486934
907732977
280534453
448722707
1163654578
682757056
596187632
733245802
1692089694
1773965084
1877528517
2050474105
1369460642
1192400146
1867239076
1979082136
1164868718
2009920923
539369319
373332170
2045291239
751418483
534362697
345475759
1975055117
1731356503
1152664455
969201568
1056959920
711172968
560207035
526199068
1935057166
998390318
319971218
1233660848
2133780633
1088606324
138247890
525039372
1178323349
711333493
1163986434
1854926480
141495172
1084263639
694536400
1433259630
645903250
181224344
755535589
1970765927
1702459282
1088606324
609786987
1151149488
1289657794
1635157578
1611793457
961979437
1268536931
284790643
37665295
1351605943
560207035
272170142
1174187729
1613735976
1691608809
2071808252
1816340238
2074006877
754062968
723035324
1281578627
454583517
1522847279
457181590
1916704905
231656586
1798229424
1443791445
629772377
194524508
1773971724
1606253765
408298321
416868848
1571122253
724950093
362306667
2067084349
713462160
1886454559
685528402
1609541249
1130782134
128696607
497004448
542947539
37665295
176478473
707044898
306893048
931100449
549504564
466256168
251919114
784052771
291837515
1216164822
594515659
798371211
358344651
1746256965
1475399383
946421183
1576794703
1567264024
1283556540
1009912866
124516473
1409770043
737038454
475293370
411284519
878542699
2038436743
703706767
1412426940
402055645
291837515
1328354376
1832616192
911934973
410913215
635967542
735476767
362705356
1141146774
626302676
1003727246
1325418852
618015327
1785547698
1742713366
1522014794
488851142
1488334325
510178100
2105358119
1125350314
1909820947
1457973595
173064962
991037441
1928746050
1799575268
338004536
994126395
1003727246
1956878586
41855259
716435349
1733909346
2118647891
44423399
1399011125
740965892
531236390
1123431424
1715667321
1674410491
992284950
1066088568
2145457240
35343279
1718076790
944595276
1164868718
448018803
807924103
1455364774
1198461772
1280904937
349778132
223189673
411365238
1835324303
1522014794
880243260
501158384
541325347
652124649
1084263639
1938999099
416868848
1428259766
694451263
1497847669
1130782134
275268638
1718607737
1832616192
1294208901
347797099
1534668936
649727517
317351180
1940722722
703814563
1842244022
541325347
1889873472
1127943446
902585225
450512539
1814094870
917223931
1548389868
1325182821
2141182190
228354910
1569674478
2072411153
1014386022
639453261
1892077561
1182814158
495702105
1748976311
1099124697
480668281
1958007952
2095468146
934072575
899790674
29103491
1430603754
1151350588
1746256965
534362697
1918056587
1320446441
648940563
272170142
61242280
475293370
1932275494
497004448
1940722722
911447233
186490612
1510796248
525039372
79273955
733245802
1810985055
1355754897
1694096740
1138654293
757302874
1477652371
766354056
541325347
688827946
1278009900
41288792
1138654293
1751270747
732456419
217801850
461811838
1110496207
706741778
170019786
526199068
565306575
1496949035
869171939
1129370130
1178323349
1757663802
596187632
850085108
472145588
1130782134
772067323
754062968
534362697
345536809
1983244001
1560071113
1936322884
157437416
1449937922
613493417
542947539
1895357789
416868848
738974721
472145588
677583559
1603578766
2080366564
41423634
1344783973
744889568
1138601408
41288792
2006414845
1725813417
1733909346
2074197269
1311225764
1066059109
1098115145
1692246971
229946105
2042229326
1836848336
694536400
472153883
620486934
1699292085
1516565790
1688306968
1123431424
1037586058
94246464
934468078
1742713366
82875423
1983244001
725857633
1961366272
206131162
185448793
1034207394
472153883
2011289705
29103491
1621256088
466256168
1594051825
1601406486
1355754897
1582294251
1904790469
1746256965
1047468724
989282880
541325347
482752628
944462805
1676394546
694536400
1895357789
57797521
1503659186
1469982313
2071627591
620486934
812937678
592366141
876361809
1843134801
1840560140
917223931
260801437
1570032883
834215956
1948997244
1334340210
194524508
1346116185
474472159
822337391
774422110
228354910
1946381068
1573351264
694188470
743952652
54211372
1151149488
1124574814
345157449
23345317
857143719
1805020018
1151363766
1582294251
1918231294
444589742
1053868117
1519751928
1879402684
709301141
1553322354
867403614
876361809
1948431850
230641474
2103672118
362306667
1681064166
1772656833
1879402684
2122993769
1039942546
1747422035
2074006877
1686675542
1773971724
1298953523
734611794
381485823
2067906791
149438250
454583517
711333493
47252924
1487657712
790150226
728458034
579009614
1180600650
94608876
1715667321
1643622542
1205831127
1196368132
308975078
711333493
306893048
323998775
640193574
2105358119
711333493
1378873884
1161515688
1443791445
2038436743
1941965721
1595742125
1799173145
418392773
1567264024
979746037
1350707626
744907271
488832868
1351010128
111310065
982677940
1620203507
677583559
1227557904
170019786
1522235886
1731356503
1944107624
1387563881
1395532093
1076406494
886091716
711172968
1714745017
1078720904
1488334325
1211036860
1308916271
310247254
1137208159
1517301575
769546730
462858993
1344644233
1070627440
1374183794
361038004
664584967
317351180
1689428148
302186709
880909472
1039942546
1106237125
341898284
480668281
1054582732
1294208901
734611794
613493417
1294208901
111310065
752281394
973125217
1750309609
1008683661
1537959631
998390318
416868848
1948431850
648126269
869171939
728458034
250496152
1344783973
14483154
1804376074
833663712
1241202956
1746256965
1347989359
862466164
233384627
1163986434
1488334325
1334588208
526199068
1576794703
375239430
37665295
629772377
1502284939
952645296
2071072004
308373291
1011620197
1304372221
902621039
1926373333
44423399
1853406760
479452261
1114658723
1199257797
1608167657
1957756102
534362697
1371355738
1364654728
1723765594
749535431
609786987
1457973595
2095468146
1110496207
2099957679
2096995831
1428259766
786694206
984964332
1645357028
1748976311
1750309609
732456419
1439097171
969201568
398077103
743401159
1322048639
1145331322
2036823878
928591832
1750309609
468878026
996220516
639453261
1983244001
2133780633
1440583097
594515659
1916704905
1193127429
620486934
1643622542
317351180
2076968905
1034207394
1160786808
763547118
488120105
1428259766
1061574858
268356193
495403161
1363812102
1395450980
1833091454
2053509906
327032101
1934050163
1178323349
150889187
1897109380
537714878
823763600
1852882054
790150226
899790674
1747422035
1650102493
2061121679
1810985055
1024599767
608059986
1345844253
483745178
1705300609
626302676
1003765828
954176339
1120824483
992284950
1865044186
681264076
1347989359
1037586058
764979567
565306575
1351605943
1070627440
1104872542
1691608809
416868848
1061574858
1833091454
1637261893
1575457438
1483023389
1464881382
1199257797
964489215
674821597
1731929265
1786955830
1834773590
480668281
537714878
1281578627
1137077210
671113036
682106910
1110496207
2103672118
579009614
49101688
1171400800
497004448
1816340238
315957335
1193301079
1237949685
711333493
512109345
1550623072
942773046
1449937922
1070843633
2072787559
1716646843
1773965084
539990814
31373144
228354910
1322048639
803040853
1575457438
594515659
1571122253
411365238
1024599767
710432086
1838983421
1125350314
1979082136
1056029969
280534453
1751930277
1069123201
1773965084
1334340210
452838167
765911776
1554189639
1572354417
291837515
1180600650
7633081
640193574
1455364774
539369319
1070843633
251919114
1718607737
1174187729
948590678
30356807
1368347910
2060924052
197184297
250821001
797699458
1598489233
1868350422
1799173145
1566968409
704735782
445191947
1123431424
763547118
484261769
1868350422
1045631721
1718607737
726734786
1205831127
917223931
1322048639
1229490399
1958007952
1163654578
308975078
1884380818
261361942
479163970
411284519
711172968
2042693027
176478473
1005049795
1612820420
1098851662
1725380694
2135977472
1163654578
2122993769
1508912210
2052881802
2076968905
1036014941
785887421
1334340210
1084263639
454583517
1750309609
319971218
21074713
1081674490
47252924
982677940
1032849410
1126517316
1363812102
192089240
1050273843
896495001
1125350314
1237949685
1336339326
2009920923
1391439329
272170142
1378873884
1532180821
618015327
509528463
1487657712
640193574
162327235
1879402684
2135534679
803040853
1477652371
1365813365
1180600650
763596800
472153883
475293370
2076968905
1972361062
2076968905
1956878586
197184297
1088606324
251919114
1827452742
1924708785
1034207394
1544275654
1039942546
1517682744
1315843794
134460193
1387563881
1911105832
223189673
1351095853
620980582
1120824483
444589742
2102823734
373940716
1056959920
692367365
372669214
1311225764
982901762
1650102493
1909820947
625805871
1948997244
1050273843
1363812102
909174775
1836848336
911934973
1252041270
1495029255
703706767
1127943446
565146979
1611793457
1161515688
43770167
1607705164
1303542172
1289612265
1439097171
1088606324
1241202956
745241032
196765994
439148572
969201568
917223931
2071866218
1014386022
217801850
1841906740
647852200
1213413454
128340135
539105455
1082942530
492401921
1028249676
1585414137
1953635050
105514777
1852882054
104599653
1428043666
2045291239
1126517316
738815719
2045697932
1877528517
1457973595
1198688467
286022426
1953635050
1241399042
546449670
1612818134
1449937922
167076357
1606253765
1521277681
2071627591
992284950
1138654293
934468078
896439936
1131752288
1641780504
1938999099
824250596
1938999099
677583559
1669548568
1252041270
1891944729
954176339
1944107624
1582294251
664584967
1053868117
1078010584
791635195
1034207394
1205005469
1024599767
1289657794
280534453
1416526821
680253686
1731929265
1833091454
807340954
1944107624
1752977566
349492114
628464362
333715639
185448793
1039080098
132684828
1278009900
140526777
938654418
829245514
1151149488
1901011167
1281578627
1532853477
1325418852
772067323
1832616192
347118190
1346116185
880243260
223189673
1623780660
1151350588
1977928637
454583517
1941965721
732456419
1951967263
928591832
2045291239
2097445912
1077198477
789175969
2057449743
1751930277
225855592
639453261
468878026
1961977896
1253802627
1865044186
376329751
2095468146
872372806
1858401437
547587552
1145331322
1350707626
1232029216
625805871
973179086
1346116185
1102266562
1294208901
952617880
481096794
1772600545
105514777
1069123201
1122947939
450512539
1972697606
2050474105
225855592
555350719
177809839
1713653600
2022480069
1966890122
1510861933
155693241
711333493
1877528517
250821001
1597645154
231656586
1350707626
2104251668
34172002
1175966885
555350719
1355602876
340638210
957607525
543646526
103923260
738974721
945009720
720642525
1164868718
1608167657
1827452742
233384627
1151149488
1813770522
303187768
79273955
1810985055
1440583097
1104224281
311509992
1298768971
911934973
181224344
944462805
544209350
1251906154
1877186429
1810406003
21074713
1439097171
54913691
1076406494
421369105
1205005469
568430997
945009720
1395450980
525597967
606465577
1877186429
896495001
1723765594
1089570537
1131752288
1842244022
398077103
751006572
1972361062
2100547834
1003727246
479163970
1637124854
1820537720
2097445912
417682028
415661050
1593355653
13487057
1934050163
194633663
952617880
1753588737
1199257797
694536400
752281394
822337391
877834055
869171939
803040853
1575457438
805353526
1558764877
225855592
1907502857
132684828
1298953523
692367365
1126517316
829245514
1951967263
1161200627
21936396
386832750
674821597
31288541
2045291239
1924708785
1918056587
1191530736
511486375
349939550
223189673
1712604887
1865044186
1934050163
167499460
1713653600
1772600545
1805347543
103923260
1102266562
1718607737
318015086
1688306968
188034904
1983359724
952645296
2127381305
1740386866
1294208901
495149078
1875422645
805353526
1858836981
1572354417
1320115493
176176228
1206327364
18483063
635967542
1461752350
667263582
105514777
1983244001
341898284
598840770
1178323349
1014386861
1457973595
2072411153
1388277769
2140327160
411284519
1051773581
1864335841
1799173145
602591411
1832616192
1648643043
608613755
764407194
803040853
989282880
2085213597
1946381068
1354714671
102528837
906864168
417682028
682757056
1889873472
953064246
1336339326
1817705525
744907271
934468078
416868848
1161200627
1455364774
1152859279
1190796696
2042229326
1285772730
196765994
674821597
1161200627
615850884
1497016191
1892077561
315957335
1104872542
328213374
2071072004
911934973
1443791445
26927132
1378873884
1430896309
763596800
1069123201
1774518340
2072411153
876361809
753478547
1322048639
1411502990
192535596
1595742125
1522014794
812937678
13473933
1054582732
1834773590
1316817243
1056959920
1257378179
791994129
2095468146
601495455
1428043666
1028655965
308373291
362705356
1736821252
1268536931
1853406760
1163654578
1868350422
871965108
475293370
1354714671
1692246971
652124649
1185554171
138247890
318015086
1399823022
418311862
1167640610
1602933036
1229490399
109979148
43770167
1259923881
1897109380
103923260
482752628
1223765140
1198461772
372669214
1428015146
805353526
1645357028
894712191
355407022
1833091454
918568273
519982785
626302676
495702105
94246464
2105358119
421369105
1433259630
2048972564
332313468
1750309609
992284950
1285772730
2085213597
732857253
1206327364
1354714671
1431251246
448722707
41634079
223189673
1061114693
1121084362
2037144406
1893863555
1548389868
1575457438
2100547834
1213413454
543646526
1078799012
1713653600
1956878586
355407022
167076357
1935057166
1152664455
349939550
184978035
857143719
1785344966
2015841506
155693241
1748976311
134460193
2015244109
169302013
228354910
138041554
677583559
102726481
694536400
1779921091
135239425
743401159
809099163
1151350588
497004448
1594742719
398077103
2122993769
1621256088
1948997244
614163166
1439274478
1688306968
1039942546
547587552
79273955
955198734
710432086
1852882054
1736821252
845470186
1847704509
1198688467
740295407
1533271337
250496152
1909820947
1868350422
982677940
418392773
1505816075
1351095853
944054153
140571629
902621039
1097515843
1253802627
1018825264
1355754897
1395450980
1147693514
667263582
517954953
845790918
2145457240
402055645
1733909346
1219623025
1351010128
1289612265
914585410
1236862403
268356193
1054582732
29103491
2052890359
1018825264
979746037
845065367
969201568
47252924
33601904
626302676
825446239
1875422645
1032849410
1039942546
1455364774
1895357789
1433259630
501606945
829245514
510820398
822337391
1879402684
335214460
661452373
79273955
555350719
1786826318
47252924
1355602876
7633081
1324113477
886091716
1598489233
1532180821
1123431424
1649840308
418392773
2057449743
1934050163
1926373333
291837515
94608876
1289612265
1355602876
1590617880
1409770043
1232778230
2095468146
1285862510
1229490399
173064962
897286934
318784959
41288792
1227557904
2102823734
1225039448
1336339326
1714380264
960938947
821353324
1510207052
1440583097
1151363766
764507955
167752848
1726109800
230641474
607599318
1213413454
1483023389
2002851591
1608167657
1237949685
1147693514
1918056587
1399823022
1522235886
21074713
751006572
1428259766
417183097
18360730
568430997
1480307483
1649195055
1364115838
967770482
1640425243
1332889037
1537959631
1924061927
1776550127
1036014941
272843987
547587552
448722707
1280904937
1946381068
2022480069
483745178
1842244022
1694096740
2038436743
999306538
1094684292
1686715156
1069123201
185448793
1005049795
598840770
222183496
2040997166
1549044116
1924061927
284790643
19729703
1005049795
1875422645
1884380818
1089095961
1776550127
639211015
977740133
896439936
79273955
834215956
560207035
1688389925
891153460
1014386861
347196744
614163166
1216164822
546947375
1640495707
1648643043
2071627591
1972361062
7633081
541087387
169302013
373332170
857143719
951031080
138247890
1731929265
1740386866
982334160
712575555
1688306968
1601406486
495149078
1602933036
1066088568
869171939
1847357390
1786955830
1014386022
1151350588
391609065
582617035
1699292085
1714745017
2118647891
497004448
1572012314
1216164822
2082158262
1355754897
1488334325
1865044186
789155445
601495455
845790918
1123171916
1896207471
1257378179
1536669692
1241202956
1961366272
1576794703
415572848
764407194
1325418852
1094684292
1877528517
1686715156
1024599767
610396716
501606945
1924382418
2118647891
1889873472
1039942546
1034207394
1336655915
547587552
616129045
1251155174
1428043666
1399823022
373940716
639453261
1151350588
170019786
494035153
1798229424
1035729054
1259798327
861056452
964489215
997003604
397375636
1175966885
914585410
836336838
2011289705
1011620197
2146850518
1719491506
1163654578
49101688
1496949035
1206327364
608613755
1897109380
431752664
2096995831
1530912973
1598489233
302186709
1050161112
620980582
1847704509
869171939
647041551
1715667321
406318818
1198461772
1430603754
1497016191
740965892
598840770
1665937017
141495172
749535431
711333493
50876725
1227455723
1554189639
1211036860
167752848
2127566244
1568150206
1582278190
410913215
102726481
1411502990
167752848
694536400
1615520037
1664489504
1930250717
1039942546
1433259630
1138601408
2016449719
1841906740
1895357789
1954426571
711172968
1877186429
197184297
812937678
931100449
21074713
1714745017
1005049795
849754825
319971218
548064867
1715667321
167752848
998390318
615850884
1665937017
315957335
1682375808
896439936
517954953
543646526
2071627591
531236390
620980582
749376321
620980582
1137208159
548064867
372669214
824548770
1205005469
545700420
1421194676
2002851591
740965892
1430603754
740959245
209370942
250821001
629772377
749376321
764507955
613493417
514271240
706741778
1281578627
1098115145
494035153
1612818134
495403161
1921242566
1109312805
1022092219
1399823022
732118343
1889882618
1084263639
142265676
1522847279
942773046
61242280
1645357028
2011289705
72936074
2135273677
328213374
907732977
845065367
150889187
1005049795
2045291239
1430896309
132684828
1842244022
880243260
469278939
596187632
2038436743
263343465
850045178
1733909346
1741354136
478133686
1609541249
970007144
1066059109
807647202
1694096740
1892077561
620980582
1688389925
1483023389
2071866218
886284247
886282771
777557987
1813770522
723035324
855756103
732456419
1422390450
472153883
439148572
1921242566
18360730
372669214
608613755
83046944
1121084362
694451263
2072411153
1532180821
763547118
1251155174
1788266074
869171939
1131752288
1089570537
811201880
196765994
616534514
690538587
1000054101
142265676
1488334325
1188530163
609786987
531236390
749535431
1229490399
914585410
952617880
704735782
2073629177
1992654807
1024488649
2015841506
1110496207
304913841
1877186429
1368347910
308975078
1963550984
318015086
167752848
2074197269
1213413454
141495172
1009912866
1289960276
1924061927
694536400
1395532093
1387563881
192089240
1354714671
1985803346
1236862403
1192400146
1772600545
1560071113
1008683661
431840592
386832750
685200263
1522235886
2073408328
1386109501
1522235886
220576464
1099097225
101100711
1556126763
856374833
1748976311
1073334006
59901854
1067507608
2040997166
692367365
1938441038
1750309609
1349858534
1652269524
1705300609
1833091454
510820398
1137208159
1198688467
2140327160
610932244
102199835
1610382044
1623780660
1364115838
1334340210
411365238
1664489504
1491707021
1468037056
1115538322
501606945
498192059
1930250717
150889187
969201568
618015327
1440583097
1788266074
1472950459
488120105
1892077561
1641780504
2085213597
408298321
1714745017
562995730
494035153
1576794703
2053509906
1010909449
616129045
250821001
1764861351
1648643043
197184297
124516473
1131752288
1257378179
1067301435
999306538
682106910
565306575
560207035
1109312805
304913841
49430111
1268536931
1532180821
1298953523
1086286139
1342091933
1419739484
1612102667
192535596
436561374
1715667321
1206327364
682757056
2058543394
1553322354
1009912866
176478473
1673932220
41423634
1731929265
333415928
1884380818
855756103
1223765140
845885448
1637561981
18360730
220576464
811201880
1689428148
1983244001
1648643043
1742713366
939118876
911760758
1582263158
1428015146
744907271
308373291
1104224281
662111042
1008683661
1948431850
690538587
600557719
347797099
47252924
2016449719
1909820947
857143719
2002851591
1972697606
1185554171
1067301435
1621256088
1067301435
472145588
1319239606
1366852429
1034207394
1378873884
664038926
101298888
708808032
318784959
1921242566
1716646843
1054582732
445191947
220576464
1448992996
626302676
1532180821
682757056
546947375
1817705525
1872849815
185448793
711172968
362705356
230641474
807647202
789155445
1399823022
1003727246
639453261
1673102102
141495172
1814094870
824548770
1037586058
1896207471
1930250717
1174187729
1051420567
2001420545
1268536931
988966557
1928746050
75797737
445339639
645903250
1328354376
124516473
26927132
361038004
1713653600
1412426940
1125350314
1853406760
1534668936
2096995831
1009912866
332313468
1440583097
1366071074
1718607737
47452705
1593355653
1237949685
98135560
1196368132
1223765140
1003099263
606465577
41288792
1094684292
1748976311
1420228001
630737047
994082106
1832616192
661452373
1921242566
1428259766
218866413
2016449719
1121084362
798371211
150889187
1341560307
909174775
448722707
1241202956
1900608270
2072787559
1241399042
1702459282
694451263
1089570537
1101433512
1772600545
992281443
1397488391
950777715
475293370
1062555477
1558764877
1688175088
365703423
2141182190
1750309609
1723765594
1934050163
917223931
1754327360
1390701312
1867239076
752281394
1603578766
923470361
176176228
1051773581
468878026
1643622542
1718607737
31288541
1868350422
613493417
1368347910
1517682744
682778311
1399823022
2085213597
1891417309
871965108
620980582
109357598
1700141293
1889882618
1351605943
362306667
1126517316
1346116185
347196744
1542885043
194524508
402055645
1542885043
1566968409
1875422645
1530912973
497719956
1957756102
1346116185
920975796
1190796696
1386849429
1151350588
1753588737
2104251668
1453924649
1571122253
1344783973
1041939618
1682375808
1018825264
1008683661
1390701312
798371211
534362697
834215956
472145588
1285862510
685017253
1251155174
386832750
1216164822
1773965084
1733909346
1237949685
43770167
487041923
1193301079
1464881382
1785344966
618015327
1298768971
1625508799
1210866021
1253802627
897286934
1889873472
769546730
674821597
335214460
317474228
2009742376
142265676
1469982313
43817750
2016449719
1176689615
694451263
2042693027
495702105
1773965084
869171939
2008188676
70545219
386832750
1716646843
1640425243
1308916271
2096995831
1689428148
763547118
543646526
1985441197
1561261610
1448992996
1725813417
1995176669
2085769071
1924382418
706741778
162047033
1716646843
519982785
233384627
31417697
1188301594
1211036860
2068158852
1537959631
708808032
1911105832
867403614
1568150206
713462160
1853608617
2003828457
1137208159
495403161
306893048
2072787559
538839312
481096794
733245802
256570651
1294208901
1366852429
706741778
1960075652
362705356
609786987
1368867969
1510207052
1110496207
1918056587
824548770
988966557
1532853477
1078799012
1816340238
315957335
811420033
1816340238
1440583097
1324003271
135239425
2110108264
829245514
1424389242
1744464790
2049484540
347106612
1949948190
1010909449
896202930
734611794
944054153
2042002755
94941556
2072411153
439531543
952617880
11898826
994235131
1216164822
1426927757
1665937017
542947539
1568150206
1516565790
514271240
625828882
1639236316
1138654293
1833091454
525039372
749376321
345475759
1363812102
911447233
272170142
2057449743
1944107624
738815719
850085108
880243260
7220002
1180600650
1121084362
498548330
1163654578
1423762217
1508912210
411365238
525597967
764407194
451123896
704735782
542947539
415661050
610396716
1344644233
1285772730
1395450980
2122993769
850085108
497719956
2135534679
724973493
1726109800
710410125
547587552
1537649834
1813770522
79273955
328213374
822337391
149438250
484101154
1351095853
1141588434
26927132
1534668936
362932331
2095468146
1464881382
694188470
1343720145
2139075378
539369319
1664103087
979746037
845065367
250821001
70545219
608437778
7633081
353237231
2040997166
1452540597
1820537720
1443791445
1351095853
1857905704
341898284
323998775
1056959920
1123171916
1742713366
1754327360
332313468
988966557
1252041270
122395515
1109259218
1719491506
1086286139
541325347
1121084362
1086286139
411284519
128340135
1826059876
755535589
829245514
488450859
1426927757
1731356503
640193574
627044228
1390701312
754062968
1875876822
1669548568
1864335841
1395450980
1351095853
897286934
1241202956
517954953
495702105
1185554171
1511590970
525039372
176478473
526199068
1716646843
1705300609
97492277
1431251246
1819813282
1138654293
1070627440
373332170
1510207052
952617880
90818033
1911105832
156042704
1532180821
1142633042
2050474105
1786955830
1810985055
920975796
482752628
1961366272
1813770522
1896929121
734611794
1946381068
938654418
1719491506
1066059109
291837515
677583559
1355602876
526199068
565306575
1889873472
386832750
1854650208
1084263639
462858993
616448571
490886422
890347436
789175969
600557719
1127943446
2067084349
999306538
744907271
1231462297
57288992
1110496207
1950457225
949349978
1603578766
1664489504
1066059109
1664103087
1879402684
349939550
1568188527
1098115145
497004448
2060924052
494035153
102726481
560207035
1488334325
18483063
1785547698
1123171916
1816340238
708857121
682106910
715657674
511486375
1431251246
319971218
865609737
1338827267
538980470
752281394
871965108
541087387
541325347
645903250
1819813282
914585410
1737561886
47784751
639453261
2048972564
1958007952
1618581757
733390550
1137077210
592366141
1940722722
982677940
1504151192
1021269539
1397333641
1785547698
2071072004
417824263
1344644233
1289612265
1935057166
1612818134
2073408328
19729703
2073071334
421369105
1472950459
386832750
1100262354
914585410
764507955
29103491
1975055117
645903250
984770509
149438250
1704403588
47452705
927364215
1485041298
601495455
1826059876
2038047736
1014386022
2118647891
1160786808
1895357789
964489215
225855592
869171939
347797099
59901854
1449937922
50458474
1688306968
545700420
1972361062
178177239
1691608809
815305974
1193301079
994235131
780166793
1351095853
610396716
373940915
1205831127
390079785
548822883
1276526808
1124765237
614163166
380320692
167076357
954956133
263343465
511486375
934845108
1846859626
1151350588
946106069
1699292085
1470336638
1278009900
1714745017
685200263
1714380264
1601406486
1182814158
806190740
904124474
135239425
1875422645
1731929265
1635157578
347797099
1568188527
1472950459
47452705
1831106428
1324113477
1483023389
1349858534
1188301594
845065367
1469982313
1428015146
1594484861
488851142
1688306968
685017253
1496912543
1820537720
594515659
1924708785
1858836981
1070843633
1412426940
1161515688
857143719
546947375
103350320
355407022
1635157578
150889187
141495172
740965892
1688175088
2127566244
661967767
1125350314
61242280
75797737
1566968409
1037586058
807924103
867403614
543646526
1491707021
94246464
1152664455
1387563881
102199835
1772188063
1066088568
1309077138
1864335841
945009720
1522847279
1853608617
890347436
226830959
1773965084
49101688
834215956
141495172
1715438182
1892077561
1008683661
824548770
935480815
41855259
1205831127
39405695
1053868117
1259923881
19729703
94246464
1717675230
1034207394
886091716
1032849410
1521277681
250821001
1426927757
661452373
807647202
1066059109
706741778
2141182190
417682028
1608167657
1349858534
1957164166
1877186429
1691608809
1709018688
855756103
880909472
197184297
1816340238
182568093
1344644233
1736821252
495149078
706741778
1176335165
1510207052
141495172
547587552
2045352230
420104602
1956878586
989282880
1211036860
876361809
1785344966
461811838
1125350314
545700420
1216164822
1366071074
907732977
1003765828
1163986434
1324003271
498548330
594515659
1316817243
1152664455
263343465
896439936
1508912210
708808032
1813770522
1315843794
1054582732
1653476266
776965349
1352307235
450512539
914585410
988966557
109357598
495702105
318015086
1553322354
2133780633
1395450980
961979437
1487657712
317474228
1104319464
256570651
989282880
1682375808
2085213597
2139075378
1219623025
798371211
1363812102
1819605523
70545219
1597645154
1585414137
1751270747
1957164166
800282176
812937678
1034207394
527844227
1031542932
56116163
1151149488
1411502990
1397333641
517954953
1324003271
167752848
1268536931
1805347543
598840770
1344783973
57567583
347106612
539369319
402055645
1956878586
516651461
1603578766
398077103
2115130442
1819605523
260801437
1020721450
457181590
821353324
1430896309
1213413454
1344771778
1428259766
79273955
1294208901
372625840
2045291239
1972361062
1078799012
997003604
1127943446
176176228
897286934
823763600
914585410
1125350314
2060924052
1909242775
857143719
1835324303
1788266074
1496949035
365703423
724950093
1772600545
1334340210
365703423
138041554
1886858278
564829090
308975078
539990814
461811838
207064012
2015841506
2145457240
1648643043
1344644233
1897109380
1855782239
1426927757
2057449743
1192400146
620980582
1004529751
1371355738
160405165
1558764877
1198461772
415661050
2085213597
1205831127
1640425243
1257378179
1022092219
475293370
1193127429
1669548568
1594051825
547587552
260801437
543646526
1446677215
1961366272
1449937922
1472950459
517954953
850045178
1233660848
1699292085
1341560307
1602933036
225855592
516517471
1924382418
468878026
1892176939
1328354376
1958007952
1024488649
1069753786
766354056
1102266562
1278009900
861190195
1932440642
308373291
288112938
629741902
1669548568
871965108
373940716
1151350588
1867239076
1145748848
206131162
613493417
324380992
288112938
751357837
1696548524
1367166760
1022092219
1032849410
662111042
1408868653
1225039448
824548770
1342091933
1268536931
167076357
170019786
1130782134
1241202956
1225039448
750033393
474472159
911447233
525597967
1522014794
1921242566
1449937922
362705356
328152065
1630080780
541087387
1972361062
1003765828
652124649
1889873472
1941965721
2016449719
2040997166
876361809
178177239
319971218
616448571
2078960226
1875422645
1177853991
822337391
1952366525
997003604
1669548568
931100449
1177853991
611598110
2100547834
1428259766
854061788
1147693514
1785344966
1639236316
713462160
1123171916
961979437
1517301575
1921242566
928591832
735476767
1255751318
708808032
2141182190
355407022
970007144
1924708785
44423399
555350719
772067323
140760673
1368867969
59901854
1597645154
1086286139
149438250
1417346109
128340135
2055491772
1571122253
961979437
1972361062
732118343
1875422645
1011620197
546449670
61242280
1281578627
381485823
1457973595
1114250857
1935405562
1773965084
2122993769
1024599767
2071866218
160405165
149438250
880909472
2097445912
543646526
1753588737
1421194676
510820398
1733909346
1053868117
138247890
664584967
2071072004
531236390
1089570537
323998775
1206573376
162841102
1502284939
409851374
147437664
436561374
1268536931
1227557904
1682375808
1799173145
1430603754
1188301594
1713653600
1594051825
1232029216
1192400146
1522014794
50876725
1110496207
1251155174
724950093
194633663
1257378179
417183097
1746256965
1915710555
1143508754
1328354376
47784751
2045291239
541087387
1693377818
78982308
579497354
897286934
1123171916
1205831127
1478881607
1178323349
409278837
1621256088
1785344966
102199835
2009920923
1608167657
2097445912
516517471
896439936
1188301594
495149078
1669548568
845065367
1388277769
997003604
498548330
469278939
1641780504
2140165704
2076968905
1237949685
94941556
1304372221
1517301575
1014386022
1280904937
156042704
528947229
622103447
124568098
1714380264
1178323349
1868350422
694536400
872372806
318784959
1522014794
61242280
488450859
1281578627
1608167657
89502997
1320446441
886091716
1114658723
546449670
1517682744
565422545
2102823734
23345317
992284950
263343465
263743101
1039080098
610932244
2096995831
2073629177
1341560307
2051427180
944054153
2053509906
824250596
1308916271
1718076790
2105358119
1957756102
1365951321
1053868117
1738381713
1690470564
411284519
1109312805
745173089
876361809
30356807
1825196313
404463856
946421183
225855592
970116652
250496152
613493417
365703423
1120824483
1833091454
49101688
2141182190
1786826318
1464881382
2140490240
1755514939
723035324
1879402684
861190195
1572354417
606465577
1688306968
448722707
568430997
11898826
1219623025
231656586
952645296
1114250857
19729703
263343465
225855592
1705300609
328213374
1930250717
1251155174
1151350588
979456922
766354056
1333594989
1145331322
347118190
2085769071
468942713
197184297
763547118
812848918
1530912973
2095468146
1285862510
1805020018
182568093
495403161
1024599767
1344644233
734611794
733390550
1699292085
1448992996
1957756102
472145588
230641474
738815719
2139677782
1970765927
495702105
1993612775
461811838
479163970
1304372221
1958007952
184978035
178177239
302186709
498548330
551060848
909174775
101298888
347797099
1075685621
2053509906
1328354376
1104872542
616448571
372669214
2071627591
228354910
1390701312
752281394
1448992996
1864335841
977376267
1442184049
170019786
2141182190
500066247
1813770522
620970565
495149078
335214460
82875423
732456419
1217088615
1443791445
102199835
1731356503
1813770522
444589742
1831106428
568430997
1513280978
8614838
1975055117
1114250857
1572012314
1338827267
1391439329
1740386866
1542885043
1320446441
928591832
1047468724
531236390
11898826
1941965721
974806729
1813770522
1206327364
1047468724
228354910
420333178
777557987
1188301594
1497460855
452838167
167076357
1949948190
704735782
1041939618
1170386515
764507955
756748007
1536669692
411284519
1773965084
1027829699
1137208159
1870103161
516517471
1283556540
102726481
1669548568
1930250717
1289657794
1585414137
952645296
994235131
61242280
70545219
197184297
1761888225
745173089
1174187729
989282880
516539061
1388277769
1241399042
1896207471
880909472
642994606
1070843633
822337391
1051773581
1798229424
1252041270
616129045
1218969307
1548389868
1076406494
1061574858
946421183
764422158
1351605943
2076968905
436561374
1333594989
626302676
740295407
436561374
1443866341
439531543
194524508
233075837
206131162
1926373333
284790643
308373291
708857121
1852882054
608613755
211220759
2022480069
1772656833
1516565790
186490612
944054153
386832750
551093510
2067084349
517954953
626302676
41634079
1597645154
1877186429
355407022
1532180821
361038004
785887421
1941965721
1193301079
911447233
1865044186
891153460
1889882618
114706175
2141182190
834215956
920975796
1322048639
1109259218
2042229326
2050474105
1397041599
1575931959
1763613249
724950093
1621256088
1832616192
1433259630
1034207394
1009912866
1229490399
615790252
860782405
547496939
2053509906
601495455
1522014794
1598489233
1817705525
462628792
1241202956
845790918
1779921091
1428259766
661452373
738974721
1572012314
448722707
601495455
291837515
1067301435
174835211
217801850
1884380818
694188470
677583559
1175966885
944054153
1502284939
1341560307
2140327160
2097445912
871965108
1951967263
34172002
1285772730
1740386866
1077198477
1948431850
970007144
2048558655
543646526
1937693194
1180600650
565023834
3367512
1725813417
1283556540
1858836981
588173844
2073071334
661967767
41288792
1691608809
616448571
1453072052
1877186429
1776550127
740959245
1786955830
845790918
421369105
764422158
751357837
439531543
494035153
1972697606
871965108
1641780504
44423399
1351605943
1606253765
1341560307
483745178
448722707
1066088568
565306575
740959245
1086286139
605359065
1483023389
1170386515
125876110
1457973595
690538587
880243260
999306538
1170386515
982677940
1921242566
1395450980
481096794
539369319
1281578627
579009614
731380676
47452705
149164177
47452705
1757663802
977740133
1911105832
1572012314
1853406760
1741354136
1037586058
1772188063
1694096740
1921242566
1439097171
1311225764
1411502990
1333594989
1601406486
643930701
1359641457
525597967
2067084349
756748007
723035324
667263582
1979082136
1170386515
743401159
1151149488
257736324
373940716
710432086
999306538
961979437
1673932220
610396716
1347416512
1152664455
1853608617
417183097
1047468724
2053509906
1190796696
261623423
920975796
436561374
1076406494
458292715
498268164
373940716
2011289705
712575555
488851142
514271240
1409770043
1478881607
150889187
622103447
551093510
218311112
1003765828
1723765594
272170142
439531543
1772656833
979746037
1645357028
173064962
1909820947
1114658723
284790643
333415928
769546730
710432086
970007144
639453261
1347989359
1835324303
319971218
1517301575
1163986434
1478881607
744889568
2061688085
880909472
594515659
173064962
703814563
1069753786
31288541
890347436
79273955
1513280978
1648883622
2096995831
1138601408
156042704
777557987
22625748
756748007
416868848
1283556540
662111042
1409770043
1841906740
692367365
1816340238
483745178
734611794
1918056587
1020721450
789155445
1510207052
551093510
534362697
1820537720
221996806
122395515
2073629177
1070843633
2139075378
1842566101
1344783973
1717563074
1411502990
640193574
645903250
1560071113
1285772730
878264867
1058921213
124568098
497004448
202020017
381485823
57324341
911934973
543646526
1094684292
1246214846
304846305
1805347543
1022092219
402055645
89502997
1241399042
7220002
1650102493
1283362405
623895119
1024488649
406318818
1125350314
1864335841
733390550
1366071074
1344644233
418392773
65036251
645903250
1003727246
732456419
54913691
1985803346
384216993
1151350588
892582627
1390701312
30356807
1536669692
1170386515
445191947
1227557904
516651461
192089240
318784959
547496939
282972755
206131162
1112154693
215442038
1921242566
176616038
1098851662
1022092219
970116652
1430896309
1039080098
1211036860
1304099163
2011289705
2076968905
169302013
1054582732
1285772730
1582294251
1487657712
102199835
543646526
1131752288
594515659
1428015146
1115538322
688827946
1157130080
1242674411
353237231
1210866021
829245514
1944107624
2085034566
1037586058
1303542172
1097515843
1726109800
23345317
1366852429
1281578627
1245054320
1328354376
2015244109
920975796
1298953523
999306538
1909820947
1532180821
1779921091
726193153
1069753786
1897109380
979746037
1067301435
82875423
791994129
992284950
616129045
1625508799
1731929265
1814094870
398077103
1718607737
1975055117
1285862510
1741354136
1069753786
1475399383
37665295
373332170
156042704
724950093
362306667
1070843633
1328354376
652095961
733390550
1946381068
914585410
1428043666
1008683661
495403161
735476767
879099182
1478881607
38622031
1022092219
712575555
1251155174
880243260
306893048
1558764877
1772188063
1699252973
1634272067
997003604
1131752288
1766576197
1035729054
546449670
466256168
1346861958
1571122253
772067323
49101688
1664103087
1218969307
1311225764
1961366272
1715667321
565306575
1608167657
749535431
977376267
1199257797
514271240
1433259630
41634079
2131129625
1521277681
1532853477
1867239076
1194111550
1785869696
2140490240
497719956
1368867969
169302013
744907271
625805871
2085213597
495702105
914585410
1715667321
373940716
620970565
1123171916
590501403
610932244
1298768971
1347989359
2073071334
1979082136
1319239606
1699292085
220576464
1510207052
677583559
501606945
1536669692
847621932
861190195
2071072004
2140327160
1532853477
615850884
869171939
1953635050
1304916873
1738381713
539105455
1005049795
776965349
970116652
927364215
542947539
1202139343
704735782
448818034
542947539
1830386614
1051773581
764422158
723035324
1201836981
240495192
1521277681
1320446441
1594051825
1109259218
764407194
551093510
1816340238
626302676
132684828
34172002
1354714671
977740133
1957756102
357787668
2002851591
989282880
250496152
1442184049
1742713366
1553322354
954176339
2095468146
1688175088
1560803950
538980470
1692089694
694536400
318784959
237502860
323998775
682106910
1138601408
124516473
1836848336
533772311
1081674490
652124649
231656586
1253802627
1430896309
681932501
41423634
1334340210
1543873103
2091343942
785887421
548822883
141495172
565306575
333415928
306893048
2071072004
176176228
682757056
474472159
231656586
825446239
206141399
139488563
1094684292
50876725
138247890
1045631721
347797099
2107152118
417183097
1145331322
1949948190
740959245
1484324626
1568150206
94246464
871965108
1302767671
1463637769
1726109800
256570651
488120105
1554189639
1121084362
1241399042
1010909449
751536503
902621039
41423634
1316817243
1130782134
1100938227
362705356
1003727246
902621039
1316817243
1688175088
954176339
1259916782
1653476266
1889882618
868257103
1892077561
2042693027
1897109380
1736972393
57288992
1692251224
970007144
1054582732
888284442
1889873472
798371211
29103491
2042693027
1338827267
1320115493
1877510992
1114658723
601495455
331235743
1639236316
606465577
141495172
1983244001
481096794
1751270747
1688389925
1508912210
94941556
812937678
347106612
1123171916
49430111
173064962
272170142
347797099
480668281
21074713
1555465934
1409770043
86977145
825446239
635967542
47252924
824548770
1069753786
1014386022
127835586
1726109800
1342091933
1994551909
1114658723
1259798327
2086067483
250496152
780166793
1572012314
2085437659
961979437
1366852429
1731356503
805353526
1104872542
1210866021
1018825264
1199257797
373940716
1731356503
1699292085
79273955
1813770522
998390318
1879402684
952645296
49101688
2045291239
1935057166
1623780660
783445708
688827946
886091716
1741354136
41855259
556705591
1448992996
37665295
103909734
335214460
1951967263
233384627
1817705525
576347349
398077103
1219623025
845065367
1994551909
1388277769
349939550
1738381713
1143508754
445191947
896439936
41288792
19729703
989282880
2015841506
1688306968
534362697
2147265608
170019786
1888159218
362306667
1198461772
101298888
143788610
606465577
1433259630
1051773581
810990810
1455364774
1397333641
182568093
764507955
785887421
970116652
803040853
807647202
353237231
73803647
1853608617
1457973595
961979437
1772656833
2040997166
105514777
409937234
1618581757
1488334325
256570651
1185554171
372669214
26927132
1944107624
1134337289
1483907946
102199835
1785547698
1948431850
1335932332
1364115838
703814563
124516473
756748007
109357598
640193574
2096995831
1174187729
1457973595
560207035
1507456369
1530912973
1161200627
1709018688
693667604
1283556540
1161515688
1272381949
18360730
1924061927
318784959
1553322354
347196744
988966557
1185554171
1601406486
142265676
304913841
880909472
1409770043
942773046
1601406486
909174775
539369319
546947375
539369319
942773046
256570651
681932501
461811838
1411502990
1053868117
1193301079
555350719
132684828
1719491506
260801437
690538587
94246464
1078720904
2015841506
1084263639
1003099263
57288992
1176689615
899790674
59901854
606465577
1640425243
1953765697
1487657712
1612818134
914434335
1112154693
1341560307
772067323
1078205463
1921242566
192535596
333415928
2038436743
749376321
170019786
347196744
482752628
2146850518
1688389925
2074197269
854061788
1145331322
318784959
1323609056
2115130442
1421194676
1099124697
612862553
1586653506
2140490240
1983359724
664038926
291837515
1582294251
667021075
664038926
94608876
1041939618
763547118
994235131
1259798327
984964332
1530912973
667021075
724973493
834215956
1630388478
896495001
751006572
764422158
1309077138
1216164822
579009614
861190195
1094684292
2097445912
1751930277
1311225764
1285862510
751006572
138041554
1268536931
497719956
1889882618
1039080098
19729703
1412426940
233384627
938654418
677583559
148141739
917223931
1493460076
1443791445
3367512
1865044186
1799173145
126143173
345157449
1464881382
451549876
30356807
86977145
1726109800
1571122253
362306667
2103672118
823763600
989282880
976571503
358928313
952645296
124516473
89502997
1334340210
1127943446
82875423
545700420
1400109039
850045178
994235131
1217009495
79273955
1157136187
1138601408
1532180821
1211036860
545700420
1320115493
769546730
150889187
751006572
728458034
1930250717
1682375808
1716646843
1532180821
610396716
1921242566
176176228
2050474105
176176228
223189673
124568098
1575931959
1003765828
1607705164
1753588737
1553322354
755535589
519982785
1832616192
1938999099
1130782134
1608167657
1151363766
854061788
394636503
703706767
1800365306
1066088568
326857088
1363812102
398077103
596187632
1464881382
1443791445
525597967
516651461
740959245
667021075
482752628
1773971724
685017253
548064867
19729703
475293370
7633081
263343465
94608876
880243260
1731929265
694188470
472153883
1858303009
1689428148
1176903817
29103491
79273955
1713653600
1105102980
1726109800
1443791445
291837515
1827452742
2103672118
1918231294
510820398
1889828024
740965892
879099182
1718076790
1114250857
798371211
1268536931
1182814158
1054582732
418392773
1532853477
1089570537
132684828
1024488649
1741354136
33601904
472153883
609786987
102199835
452838167
2115130442
486241329
439531543
49101688
444589742
323998775
302186709
1412426940
1338827267
1731356503
1813770522
1502284939
812848918
1078720904
738974721
2030167694
1786955830
1754327360
1145331322
964489215
44423399
1961366272
2073629177
755535589
1304099163
353237231
2085213597
457181590
1003765828
1109312805
740965892
1804376074
776965349
373332170
942773046
466256168
845470186
1045631721
1715470928
565422545
1983359724
2085213597
1594051825
372669214
1390701312
1786826318
54913691
2146850518
1303542172
2135534679
1263144006
1958007952
953064246
2015244109
1070843633
417585974
1052113172
128340135
1641780504
1799173145
1400109039
1877186429
652766439
608059986
1481377125
1877528517
102726481
138247890
1368867969
1895357789
49101688
102199835
785887421
182568093
1733909346
1805347543
16165416
140039481
1834773590
635967542
1336339326
1640425243
944462805
1088606324
907047132
592366141
754062968
1130852008
385786738
3367512
1365951321
640193574
1691608809
1190796696
845065367
1688306968
616448571
2042002755
1491707021
1496949035
1109259218
601696828
1773971724
988268477
1066059109
94608876
1940722722
1648643043
1497460855
539105455
2146850518
1062555477
1145331322
345536809
1241202956
1464881382
1089095961
1634041097
1309077138
1688175088
1805347543
1806195566
652124649
1325418852
209343728
1582294251
1948431850
1958007952
1374183794
620970565
710432086
47784751
268356193
984964332
933941351
1457973595
450512539
606465577
639211015
26927132
1694096740
1505816075
11898826
601495455
1039942546
481096794
2042693027
2057449743
1747422035
1776550127
1354714671
958756258
1175966885
1817705525
1056029969
525597967
1858401437
548064867
531236390
1345844253
1278009900
302186709
435855865
347118190
1601406486
708857121
616448571
1723765594
952645296
445191947
488120105
517954953
1783917674
785887421
545700420
854061788
1289612265
713462160
1053868117
1497016191
1805347543
475293370
37665295
1691608809
1298953523
260801437
927364215
997003604
317351180
1218969307
1715667321
1703143294
1522014794
160405165
519982785
625805871
517954953
1196368132
989282880
2006625966
2022480069
132684828
1521277681
1109312805
690538587
2040997166
1126517316
560207035
907732977
1970765927
723035324
896439936
954285709
1852882054
1980072784
1639236316
1665937017
233384627
1151149488
1692089694
26927132
1308916271
735476767
217801850
1570032883
1210866021
1521277681
144693302
1857905704
362705356
1127943446
620486934
1746256965
861157125
1864335841
1653476266
1505816075
807924103
1819813282
135239425
605359065
927364215
821353324
1423655776
326300054
1602933036
2009920923
2127185581
1351095853
250821001
1936943393
1365951321
2015841506
365703423
694451263
1340437729
160261378
1924061927
1411502990
1294894885
664584967
1972697606
2016449719
1754327360
640193574
751357837
738815719
448018803
579009614
546449670
124516473
1607705164
645903250
2073408328
724950093
917223931
822337391
29103491
1921242566
170019786
1251155174
1047468724
2146850518
704735782
421369105
1190796696
1084263639
605359065
31288541
1320446441
1127352934
11898826
86977145
1324003271
1853608617
57797521
160405165
1448992996
1788266074
185448793
450512539
548064867
1308916271
1688175088
79273955
594515659
1831106428
1714380264
1598489233
1364115838
1439097171
2127566244
1320115493
601495455
2141182190
845790918
318784959
1868350422
821353324
684352694
1253802627
1490723011
170019786
1817705525
150889187
284790643
1378873884
845470186
1114250857
1911105832
308373291
1443791445
537714878
1246214846
457181590
1785344966
333415928
26481058
124568098
1949948190
318784959
1229490399
1940722722
1032849410
1576794703
1691608809
1387563881
2073071334
192535596
1338827267
531752958
1304372221
1548389868
1847704509
732118343
685200263
1896207471
713462160
370791801
1351605943
1130782134
1776550127
1846859626
1879402684
1320446441
2071866218
1061574858
349939550
749376321
938654418
946421183
1819813282
547741527
1753588737
1542885043
1351095853
1699292085
2071627591
480668281
745173089
1741354136
448018803
1576794703
415661050
223189673
1686715156
192535596
950777715
2040997166
498548330
421324999
1022085801
2067084349
1457973595
629772377
256570651
1691608809
238601989
1053868117
1991266767
361038004
1041939618
628464362
480668281
585273177
2002851591
291001058
109357598
1223765140
989282880
740959245
41423634
1805347543
31417697
917223931
169302013
19729703
1278009900
1676394546
2144987928
1926373333
1689428148
899790674
622103447
31288541
1827452742
732456419
162841102
1785547698
1799173145
564759124
1104224281
372669214
1138654293
1469982313
1285862510
734611794
1560071113
872372806
629772377
1649195055
1147693514
356153939
618015327
361038004
928591832
1382938993
1875422645
472145588
1151363766
1517301575
192535596
1692089694
1651798543
1039080098
2016449719
1786826318
746349589
1702459282
1056029969
474681347
1174187729
712575555
488120105
1188301594
1221581848
1805020018
1640495707
439148572
1123431424
1737969711
1078720904
132684828
1164868718
2015244109
1875422645
2072787559
57797521
1308916271
674821597
288112938
1328354376
688827946
1850140722
444589742
41288792
1428259766
945009720
349939550
233075837
625805871
1378873884
375239430
1151363766
733390550
1047468724
192535596
82875423
620970565
2074197269
1477652371
1607087517
662111042
86977145
196765994
1198461772
823763600
977376267
347196744
1439097171
497719956
416868848
694188470
1408868653
54913691
546449670
546947375
1834773590
1009912866
1746256965
555350719
411365238
1747422035
488120105
1522847279
1351605943
1366071074
1206327364
812848918
1469982313
31373144
998390318
1151350588
2085769071
1472950459
1940722722
1268536931
1043372803
2085437659
869799300
1715470928
1491707021
1223765140
610932244
450512539
1066088568
1123171916
823763600
483745178
1835324303
1665937017
1709018688
1237919976
1010909449
185448793
94246464
1483023389
1151350588
708808032
667263582
194633663
1603578766
1252041270
1421194676
1532853477
1368867969
469278939
1740386866
1439097171
1163986434
1109259218
542947539
318784959
1298953523
592366141
1024488649
498548330
487537253
1190796696
1970765927
2146850518
917223931
1585414137
1487657712
1130782134
1323609056
1643622542
977740133
1325418852
1726109800
1270011175
1477652371
196765994
1510207052
1020721450
999306538
969201568
1766839584
260801437
2071866218
619543346
516651461
1726109800
1291472075
764422158
1344783973
1820537720
1532853477
1161200627
1753588737
931100449
31288541
625805871
1109312805
57797521
345475759
1084263639
1938999099
250821001
2009920923
1066059109
304913841
23345317
1210866021
994126395
2139075378
1315843794
1664489504
1731356503
197184297
1573351264
1549044116
1570032883
1412426940
1205831127
1066903107
1645385266
341898284
280534453
608613755
1350707626
743401159
944054153
517954953
23345317
1688175088
290277305
2072411153
1783428767
1738381713
1066059109
1842244022
1109312805
508069614
170019786
625805871
1817705525
615790252
347106612
347797099
1810985055
537714878
474472159
551093510
353237231
834215956
256570651
1449937922
2004399712
1886454559
592366141
1037586058
2071627591
323998775
556705591
805353526
740295407
373332170
1788266074
1731929265
30356807
933941351
1034207394
2071072004
1066059109
1745443628
1694096740
18483063
1170386515
1063680848
845065367
707044898
1067301435
1070627440
651994773
1738381713
1715470928
1397333641
1003765828
911447233
1112766154
989282880
333715639
1864335841
2050474105
953064246
994235131
1345844253
1233660848
1585414137
970116652
1391439329
973125217
57797521
1814094870
1428043666
944054153
579009614
223189673
755535589
1349858534
18483063
1833091454
902621039
347196744
979746037
1731356503
468942713
315957335
1478881607
1344783973
1957756102
2016449719
1106237125
575099709
1089570537
2036622803
1660794372
2009920923
3367512
47784751
37665295
1097515843
1309077138
1276839571
1477652371
1582346065
694188470
1070843633
1603578766
2122738095
1193127429
697906871
162841102
1726109800
945009720
1733909346
613493417
1621256088
537714878
1399823022
711333493
1323609056
1483023389
1709018688
1268536931
1298768971
1924061927
1544478053
416868848
1843134801
1319239606
1835324303
1232029216
732857253
601495455
1846859626
526199068
21074713
944462805
516539061
1532853477
1526044150
977740133
2114386674
1097515843
1004529751
202020017
73803647
1210866021
1281578627
1125350314
155693241
1585414137
1190796696
1219623025
1926373333
1121084362
1115538322
876361809
132684828
1112154693
735476767
1022092219
1949948190
1568150206
1623780660
1924061927
1688389925
44423399
202020017
1241399042
439531543
313522338
495149078
1918056587
1409770043
442219692
1785547698
326857088
1223765140
1232029216
2126586943
1608167657
38445548
1679044448
1970765927
1499736768
684352694
79273955
732456419
735476767
1983359724
514871419
2015841506
2118647891
938929077
1871435558
2016449719
94941556
1554189639
1640495707
1185554171
880909472
1100262354
517954953
300218757
546449670
1251155174
732456419
494035153
769893144
94246464
1833091454
462858993
1125350314
1621256088
640193574
173064962
664038926
1051773581
723035324
1455364774
1151350588
1469982313
33601904
917223931
767750630
1251155174
196765994
501606945
1692089694
1089095961
907732977
1897109380
1853406760
1361900755
953064246
724950093
3367512
1395450980
1371355738
1516565790
319971218
1560071113
1858401437
109357598
373940716
619334243
2071072004
823763600
94246464
1773965084
2133780633
620970565
950777715
1324003271
1497460855
880909472
349939550
896495001
712575555
1665937017
1654928509
444589742
823763600
1513280978
2047785307
1411502990
1369460642
1431251246
966024439
1089994184
600557719
1161515688
1847704509
1571122253
790150226
620970565
2105358119
1334340210
1090003974
1190796696
911447233
1218969307
2008188676
1180600650
661452373
661967767
907524922
790150226
1602933036
2072787559
1106237125
1336339326
47452705
516539061
1936322884
156042704
880243260
448722707
345475759
1094684292
1785344966
1457973595
2074197269
469278939
1378873884
928591832
1164868718
1316817243
845790918
1983359724
19729703
952645296
1804376074
778619629
1957756102
417183097
170019786
1934050163
1953635050
1731356503
1397333641
328213374
1081928795
541461392
1530912973
102199835
1640281121
983754187
1854926480
1443791445
185448793
1192400146
1298768971
1820537720
1102266562
1430603754
1966632399
1798229424
1582294251
1603578766
1472950459
1067507608
1086286139
86977145
1731356503
1832616192
949349978
462831308
979746037
1455364774
970116652
177955310
468878026
1602933036
1621256088
2127566244
1039080098
2073071334
1045631721
1896207471
1378873884
1747422035
2127381305
635967542
927364215
982677940
1573351264
73803647
1428015146
1719491506
1847704509
763547118
1351605943
1723765594
917223931
1237949685
933941351
1497460855
1875422645
1886454559
1433259630
1449937922
308373291
1834773590
973125217
1537333309
997993585
1397488391
942773046
620980582
1163682704
2045352230
682106910
1742713366
1972697606
1309077138
1219455707
1741354136
497719956
1736821252
519982785
1757663802
1847704509
703706767
1949948190
415661050
135239425
1806195566
2085213597
448018803
1747422035
1232029216
1114658723
472153883
194633663
2071627591
1488334325
1833091454
1972697606
525597967
1608167657
640193574
225855592
217801850
1941965721
1036014941
308975078
753894049
1841906740
149438250
1354714671
2013318601
568430997
896495001
1039080098
979746037
1094684292
2008188676
740295407
1932763864
421369105
1886454559
160405165
1928746050
1566968409
373940716
192535596
34172002
576347349
664584967
1003765828
326857088
764422158
1886858278
2073408328
850085108
1152664455
67123484
547587552
317474228
1121084362
764407194
1069123201
645903250
1350707626
711333493
1131752288
984505118
1303542172
319971218
1041939618
72646487
1201801093
1257378179
982677940
1326650683
488851142
328213374
474472159
670371519
2146850518
445191947
1089570537
711172968
1843134801
707044898
1691608809
1019310271
1879402684
661967767
992284950
1694096740
160405165
1347989359
592366141
1753588737
1368347910
1308916271
1395450980
1699252973
1069753786
1725813417
799323941
333415928
1694096740
829831579
124568098
755535589
1894100594
516651461
212937274
576347349
1804376074
411284519
1138601408
711172968
466256168
891153460
812937678
1430603754
1864335841
1387563881
542031398
1097515843
1556862715
418392773
1935057166
1776550127
1623780660
1786955830
769546730
1505816075
1718607737
1102266562
141495172
949349978
421369105
284790643
386832750
1093730677
2038436743
711333493
1865044186
1086013988
2071866218
302186709
1298768971
1374183794
1115538322
970007144
1320115493
1075605435
954176339
723035324
2058240201
466256168
1089095961
1884380818
1308916271
764507955
1334340210
1298768971
1355602876
418392773
1294208901
1319239606
1994551909
2087319864
355407022
1333594989
1505816075
735476767
439148572
2051427180
1521277681
133981638
1567264024
1508912210
1847704509
1819605523
1508912210
176478473
1940722722
1495391815
973125217
1408868653
933941351
1416526065
1568150206
365703423
457181590
1099124697
1035729054
950777715
1686715156
2139075378
468942713
233384627
102726481
1751270747
1192400146
1676394546
740295407
1127943446
1690470564
1229490399
1151363766
2022480069
2100547834
1958007952
206131162
2067084349
620486934
1772600545
845790918
94246464
431321098
579009614
1935057166
421369105
1371355738
1555465934
222199670
1772600545
1544128731
1102266562
1350707626
548064867
1925398069
546947375
1751270747
694188470
724950093
1582294251
1537333309
732857253
1741354136
422068272
1004529751
167076357
1946381068
1472950459
1938794132
646146018
375239430
2145457240
1098115145
1213413454
488851142
982677940
1213413454
1618581757
1784149875
824250596
1443791445
704735782
614777450
854061788
1949948190
1930250717
1689428148
1553322354
1182814158
381485823
890347436
1886454559
946421183
1422390450
332313468
1036014941
317351180
359908497
1409770043
704735782
75797737
1151149488
601495455
1094684292
1347989359
1391439329
707044898
75797737
789175969
970062367
635967542
635967542
1621256088
757094777
812937678
2042693027
1607705164
694188470
1449937922
938654418
1125350314
385432694
272170142
1041939618
1956878586
613985531
737375608
560207035
1702459282
31373144
789175969
1534668936
517954953
461811838
872372806
1412426940
1985777649
1441402393
149438250
769546730
1924061927
2122561066
94608876
1011097072
674821597
608613755
1463637769
196765994
769546730
920975796
1442184049
1843134801
362306667
805353526
1740386866
1366071074
47784751
1369460642
362705356
1439097171
1449937922
30894245
953064246
1392339877
89502997
1364247177
1261557667
1798229424
495403161
1151363766
911934973
928591832
547587552
1223765140
945009720
2103672118
704735782
1351605943
102359718
601495455
711333493
763547118
1924382418
1397333641
468878026
1983359724
47252924
620970565
1718076790
546392642
1911105832
2022480069
1198688467
436561374
2115130442
1777267495
1567264024
223189673
347118190
75797737
1568188527
704735782
415661050
230641474
1428015146
596187632
1731356503
18360730
1854315992
1832436546
1054582732
738815719
1906377657
681932501
1426927757
1387563881
642568051
82875423
1374183794
1731356503
1819605523
1567264024
1131298724
149092202
495149078
755535589
1956878586
1707257570
102726481
341898284
1754327360
1714380264
994126395
525039372
1517301575
605359065
2015841506
1750309609
1487657712
755535589
1497460855
2095468146
1066059109
611937027
1938999099
855756103
1408609770
101298888
1115538322
1776550127
694451263
331235743
335214460
1035729054
1475399383
250821001
1673932220
531236390
1548385810
1858303009
1804376074
1896207471
1709018688
1163654578
805353526
534362697
372669214
1062555477
913327244
373332170
302186709
1309077138
1344644233
144693302
825446239
1185554171
1625508799
2015841506
1618581757
89506156
1412426940
2040997166
1669548568
1397488391
1537959631
594515659
1298768971
692367365
1603578766
1585414137
798371211
626302676
1585414137
920623652
667263582
1705300609
1011097072
1754327360
1429068827
855756103
545700420
2071072004
1953635050
1946381068
1089095961
33601904
150889187
1940722722
375239430
1246214846
1741354136
182568093
306893048
977740133
1078720904
1713653600
803040853
2069542538
2038436743
2042002755
1607438591
1315843794
488450859
1785547698
891153460
1039080098
2045291239
1169755110
2118647891
1612818134
622103447
745241032
475293370
1077198477
811201880
1558764877
29103491
692367365
791994129
1853608617
931100449
694536400
861190195
734611794
306893048
1219623025
635967542
138247890
539990814
2085213597
1819605523
49101688
2060924052
1853406760
1453643292
946421183
1472950459
777557987
2085213597
429763012
803040853
288112938
1972361062
1940722722
474472159
1014386022
607479203
220576464
1689428148
355407022
2144981797
1138654293
681932501
1733909346
1751930277
1983359724
1831106428
2072787559
2048972564
1972697606
1877186429
2100547834
1178323349
138041554
1033599519
1185554171
1854926480
2040997166
1130782134
202020017
1421194676
1433259630
1827452742
1961366272
347118190
23345317
1833091454
789175969
281761933
1575457438
1114250857
516517471
1676394546
1066088568
1612818134
94608876
1736821252
1530912973
1351010128
372669214
1813770522
142265676
1513280978
375239430
1953635050
1050273843
1826059876
982677940
468942713
138041554
1097515843
1788266074
1364115838
268356193
740959245
519982785
2038436743
1388277769
1847981467
945009720
1219623025
1733909346
47252924
186490612
743401159
1731929265
1355754897
106302218
1994551909
1691608809
1826059876
677583559
1397488391
1921242566
1351095853
1608167657
1609541249
1127943446
466256168
1469982313
138041554
474472159
1924708785
1739253123
272170142
1714380264
448018803
410913215
1772656833
1682375808
608613755
2042693027
11898826
1012498419
628464362
26927132
1098115145
184978035
256570651
31417697
1400109039
472153883
1502284939
740959245
525597967
639211015
516517471
1110496207
1938999099
982677940
516517471
1692283566
763547118
1464881382
19729703
1316817243
565306575
1688175088
345475759
2035170294
461811838
1958007952
233075837
1643622542
539369319
1788266074
1089095961
1618581757
890347436
1106237125
223189673
927364215
592366141
1958007952
156042704
34172002
608613755
1114658723
1868350422
1127352934
347196744
1488334325
1938794132
1351095853
1346116185
2016449719
1522235886
579009614
1440583097
452838167
311509992
1426927757
596187632
1417971353
1011620197
2103672118
1378873884
707044898
1609541249
685017253
2045291239
911447233
1928746050
1115538322
197184297
738815719
635967542
1819433115
824250596
1757663802
620970565
1682375808
488851142
1852882054
1351095853
1196368132
1072369488
789155445
138041554
1232029216
1773971724
144693302
2060924052
1069123201
1411502990
50616705
272170142
1707257570
732118343
1223765140
1754327360
1428043666
128530125
192089240
1014386861
811201880
999306538
1369837519
2083624787
2071866218
1035729054
1366852429
625805871
197184297
149438250
1109259218
1020721450
1893467943
1556126763
1106237125
182568093
138247890
206131162
2135534679
2045291239
1832616192
948590678
1175966885
495702105
1366071074
565422545
1237949685
1836848336
785887421
605359065
615790252
1597645154
1304099163
1522235886
896495001
704735782
707044898
1524110329
740959245
317474228
1233660848
33601904
537714878
202020017
1517682744
23345317
1155622941
950777715
29103491
949349978
1491707021
984964332
1864335841
968067690
1180600650
499768154
1426927757
2085213597
1567264024
1690470564
1983359724
2045352230
1926373333
156042704
1475399383
1522014794
556705591
600557719
618015327
1889873472
537714878
1223765140
149438250
275268638
1733909346
1324113477
2042693027
1315843794
1558764877
1688306968
2122993769
2145457240
2140490240
1225039448
155693241
355407022
1718607737
1979082136
662111042
326857088
1510207052
142265676
1632644630
315957335
620980582
230641474
416868848
909174775
327528211
1298953523
1798229424
1836848336
138041554
1045631721
448018803
326300054
